COMPOSITE,D,5/26/17,1773.900,1778.180,1769.470,1772.300,0,0
FBMT100,D,5/26/17,12318.660,12333.000,12270.960,12294.360,0,0
FBM70,D,5/26/17,15224.970,15229.920,15086.170,15145.500,0,0
FBMSCAP,D,5/26/17,17749.980,17749.980,17542.000,17576.119,0,0
EMAS,D,5/26/17,12685.850,12703.910,12639.110,12661.580,0,0
FBMFLG,D,5/26/17,19853.859,19854.090,19557.980,19593.641,0,0
FA40,D,5/26/17,10160.630,10186.380,10157.620,10174.420,0,0
FBMSHA,D,5/26/17,12939.640,12954.810,12905.420,12924.460,0,0
FBMHIJRAH,D,5/26/17,14202.210,14219.670,14172.520,14191.710,0,0
FBMACE,D,5/26/17,6554.460,6557.860,6368.330,6386.880,0,0
FBMAPMYR,D,5/26/17,20057.980,20139.141,19995.051,20034.320,0,0
FBMAPUSD,D,5/26/17,13490.760,13548.510,13476.790,13488.050,0,0
FBMPALMOIL,D,5/26/17,17549.910,17549.910,17337.971,17378.900,0,0
F4GBM,D,5/26/17,976.680,979.790,975.520,977.610,0,0
CONSTRTN,D,5/26/17,341.650,341.700,339.040,339.700,0,0
CONSUMER,D,5/26/17,628.680,628.700,626.450,627.180,0,0
IND_PRODUCTS,D,5/26/17,157.410,157.410,155.600,155.980,0,0
TRADING,D,5/26/17,236.790,236.960,235.540,235.630,0,0
TECHNOLOGY,D,5/26/17,34.270,34.320,34.010,34.100,0,0
FINANCE,D,5/26/17,16498.811,16571.551,16443.260,16499.859,0,0
PROPERTY,D,5/26/17,1316.750,1317.530,1306.810,1312.610,0,0
PLANTATN,D,5/26/17,8082.720,8082.720,8055.060,8064.460,0,0
MINING,D,5/26/17,494.450,494.450,490.390,494.450,0,0
INDUSTL,D,5/26/17,3285.200,3297.520,3268.850,3275.930,0,0
FBMMSCAP,D,5/26/17,17729.869,17729.869,17543.820,17570.789,0,0
FBMMSCS,D,5/26/17,17655.189,17655.189,17472.660,17495.070,0,0
0012,D,5/26/17,1.32,1.310,1.290,1.310,8411,0
5959,D,5/26/17,1.72,1.740,1.700,1.740,1950,0
0703C5,D,5/26/17,0.1,0.1,0.1,0.1,0,0
0703C6,D,5/26/17,0.12,0.12,0.12,0.12,0,0
0703C7,D,5/26/17,0.45,0.45,0.45,0.45,0,0
0703H1,D,5/26/17,0.13,0.13,0.13,0.13,0,0
0703H2,D,5/26/17,0.26,0.26,0.26,0.26,0,0
7054,D,5/26/17,0.255,0.250,0.240,0.240,2705,0
5238,D,5/26/17,0.425,0.435,0.410,0.410,1088630,0
5238C1,D,5/26/17,0.05,0.055,0.035,0.040,85815,0
5238C2,D,5/26/17,0.005,0.020,0.005,0.020,6515,0
5238C3,D,5/26/17,0.07,0.07,0.07,0.07,0,0
5238C4,D,5/26/17,0.095,0.095,0.095,0.095,0,0
5238C5,D,5/26/17,0.08,0.08,0.08,0.08,0,0
5238C6,D,5/26/17,0.09,0.080,0.070,0.070,1179,0
5238C7,D,5/26/17,0.085,0.085,0.075,0.075,29194,0
5238CY,D,5/26/17,0.035,0.035,0.020,0.020,22600,0
5238WA,D,5/26/17,0.23,0.235,0.215,0.215,182608,0
0800EA,D,5/26/17,1.125,1.125,1.125,1.125,0,0
7086,D,5/26/17,0.16,0.160,0.150,0.150,42472,0
0018,D,5/26/17,0.565,0.550,0.515,0.515,1123,0
0018WA,D,5/26/17,0.47,0.405,0.405,0.405,30,0
7131,D,5/26/17,0.36,0.36,0.36,0.36,0,0
7120,D,5/26/17,0.585,0.590,0.575,0.590,6810,0
7191,D,5/26/17,0.74,0.730,0.730,0.730,300,0
9148,D,5/26/17,2.4,2.400,2.400,2.400,178,0
5166,D,5/26/17,0.155,0.155,0.150,0.150,6950,0
7146,D,5/26/17,0.175,0.185,0.175,0.180,17026,0
7146WA,D,5/26/17,0.095,0.100,0.095,0.095,5669,0
0181,D,5/26/17,0.475,0.475,0.450,0.450,42372,0
6599,D,5/26/17,2.38,2.360,2.330,2.360,5122,0
6599CH,D,5/26/17,0.06,0.060,0.050,0.055,13775,0
6599CI,D,5/26/17,0.15,0.15,0.15,0.15,0,0
5139,D,5/26/17,19.08,19.180,19.020,19.180,615,0
5139CB,D,5/26/17,0.325,0.345,0.325,0.345,1253,0
5185,D,5/26/17,2.9,2.930,2.840,2.860,4309,0
5185CU,D,5/26/17,0.405,0.420,0.395,0.395,3500,0
5185CV,D,5/26/17,0.755,0.750,0.750,0.750,204,0
5185CW,D,5/26/17,0.29,0.295,0.270,0.270,13925,0
2488,D,5/26/17,4.22,4.270,4.220,4.250,2533,0
2488CS,D,5/26/17,0.15,0.15,0.15,0.15,0,0
2488CT,D,5/26/17,0.15,0.15,0.15,0.15,0,0
5198,D,5/26/17,0.4,0.4,0.4,0.4,0,0
7315,D,5/26/17,0.255,0.265,0.245,0.245,14380,0
7315WB,D,5/26/17,0.12,0.120,0.110,0.120,8980,0
7090,D,5/26/17,4.7,4.700,4.700,4.700,100,0
4952,D,5/26/17,0.94,0.945,0.940,0.945,78,0
0122,D,5/26/17,0.28,0.28,0.28,0.28,0,0
5099,D,5/26/17,3.13,3.130,3.010,3.050,354922,0
5099HC,D,5/26/17,0.085,0.095,0.080,0.080,9040,0
509941,D,5/26/17,0.035,0.035,0.020,0.025,33070,0
509942,D,5/26/17,0.175,0.175,0.175,0.175,0,0
509943,D,5/26/17,0.13,0.13,0.13,0.13,0,0
509944,D,5/26/17,0.115,0.115,0.115,0.115,0,0
509945,D,5/26/17,0.085,0.065,0.050,0.055,8301,0
509946,D,5/26/17,0.2,0.190,0.185,0.190,753,0
509947,D,5/26/17,0.23,0.230,0.195,0.210,22975,0
509948,D,5/26/17,0.12,0.125,0.105,0.110,6791,0
509949,D,5/26/17,0.355,0.360,0.315,0.330,8286,0
509950,D,5/26/17,0.145,0.130,0.130,0.130,400,0
509951,D,5/26/17,0.26,0.250,0.210,0.250,1400,0
509952,D,5/26/17,0.15,0.150,0.135,0.140,13392,0
509953,D,5/26/17,0.135,0.135,0.115,0.120,12960,0
509954,D,5/26/17,0.105,0.105,0.090,0.100,182381,02970
5014,D,5/26/17,8.6,8.650,8.430,8.500,103711,0
5014CR,D,5/26/17,0.3,0.280,0.280,0.280,100,0
5014CS,D,5/26/17,0.355,0.360,0.335,0.340,2970,0
5014CT,D,5/26/17,0.15,0.15,0.15,0.15,0,0
2682,D,5/26/17,0.535,0.550,0.535,0.545,519,0
2658,D,5/26/17,19.56,19.420,19.360,19.400,242,0
7609,D,5/26/17,0.83,0.830,0.815,0.820,4782,0
7609WA,D,5/26/17,0.34,0.335,0.325,0.325,8909,0
9954,D,5/26/17,0.11,0.11,0.11,0.11,0,0
5115,D,5/26/17,0.29,0.285,0.275,0.275,14134,0
5116,D,5/26/17,1.52,1.510,1.510,1.510,22,0
2674,D,5/26/17,1.38,1.380,1.330,1.350,2744,0
1163,D,5/26/17,12.28,12.240,12.240,12.240,7,0
1163PA,D,5/26/17,12.200,12.200,12.200,12.200,2,0
5269,D,5/26/17,1.04,1.020,1.020,1.020,7,0
0576C1,D,5/26/17,0.145,0.145,0.145,0.145,0,0
1015,D,5/26/17,5.29,5.380,5.180,5.190,41410,0
1015CX,D,5/26/17,0.455,0.480,0.410,0.475,4833,0
1015CY,D,5/26/17,0.33,0.300,0.285,0.285,1600,0
1015CZ,D,5/26/17,0.07,0.065,0.055,0.060,24061,0
0159,D,5/26/17,0.12,0.120,0.120,0.120,3980,0
0159WA,D,5/26/17,0.015,0.015,0.015,0.015,0,0
5120,D,5/26/17,0.76,0.760,0.760,0.760,639,0
1007,D,5/26/17,0.82,0.825,0.820,0.820,658,0
1007PA,D,5/26/17,0.4,0.410,0.400,0.410,167,0
7051,D,5/26/17,0.38,0.380,0.380,0.380,22,0
7031,D,5/26/17,0.635,0.630,0.630,0.630,1,0
6351,D,5/26/17,7.75,7.830,7.750,7.810,269,0
7083,D,5/26/17,2.250,2.250,2.250,2.250,110,0
4758,D,5/26/17,0.81,0.805,0.760,0.765,18168,0
0048,D,5/26/17,0.125,0.120,0.120,0.120,5525,0
6556,D,5/26/17,3.19,3.300,3.150,3.200,25163,0
6556CC,D,5/26/17,0.235,0.255,0.225,0.235,53386,0
6556CD,D,5/26/17,0.185,0.210,0.180,0.190,39468,0
6556PA,D,5/26/17,1.97,2.040,1.970,2.010,2658,0
9342,D,5/26/17,0.23,0.245,0.220,0.235,433025,0
9342OR,D,5/26/17,0.045,0.025,0.010,0.010,1093972,0
9342WA,D,5/26/17,0.105,0.105,0.090,0.100,13399,0
9342WB,D,5/26/17,0.1,0.105,0.100,0.100,5060,0
5568,D,5/26/17,1.06,1.06,1.06,1.06,0,0
5088,D,5/26/17,1.8,1.800,1.770,1.780,438,0
5194,D,5/26/17,0.04,0.040,0.040,0.040,16933,0
5194WA,D,5/26/17,0.015,0.015,0.015,0.015,0,0
5015,D,5/26/17,4.140,4.140,4.140,4.140,23,0
6432,D,5/26/17,5.0,5.000,4.970,4.970,20,0
0119,D,5/26/17,0.38,0.380,0.360,0.365,7411,0
0119WA,D,5/26/17,0.26,0.265,0.255,0.260,12925,0
7214,D,5/26/17,1.08,1.080,1.060,1.060,3101,0
7007,D,5/26/17,0.7,0.7,0.7,0.7,0,0
7007WB,D,5/26/17,0.09,0.09,0.09,0.09,0,0
5210,D,5/26/17,0.78,0.775,0.740,0.755,176270,0
521020,D,5/26/17,0.1,0.1,0.1,0.1,0,0
521021,D,5/26/17,0.04,0.04,0.04,0.04,0,0
521022,D,5/26/17,0.015,0.015,0.010,0.010,4610,0
521023,D,5/26/17,0.075,0.070,0.060,0.065,16400,0
521024,D,5/26/17,0.2,0.195,0.175,0.185,27272,0
521025,D,5/26/17,0.145,0.145,0.145,0.145,0,0
521026,D,5/26/17,0.065,0.060,0.055,0.055,9400,0
521027,D,5/26/17,0.075,0.070,0.065,0.065,9057,0
5127,D,5/26/17,0.955,0.960,0.955,0.960,3856,0
1481,D,5/26/17,0.17,0.170,0.165,0.170,7931,0
1481LA,D,5/26/17,0.085,0.085,0.080,0.080,1805,0
0068,D,5/26/17,0.3,0.275,0.260,0.260,1775,0
0068WB,D,5/26/17,0.105,0.105,0.100,0.100,1954,0
0150,D,5/26/17,0.06,0.060,0.060,0.060,111310,0
0150WA,D,5/26/17,0.03,0.030,0.030,0.030,45099,0
7722,D,5/26/17,0.925,0.900,0.890,0.900,200,0
7129,D,5/26/17,3.35,3.360,3.350,3.350,413,0
4057,D,5/26/17,0.185,0.185,0.180,0.185,7368,0
0105,D,5/26/17,0.23,0.220,0.205,0.210,64953,0
0105WA,D,5/26/17,0.125,0.120,0.105,0.115,41047,0
7162,D,5/26/17,1.12,1.120,1.080,1.090,8993,0
6399,D,5/26/17,2.63,2.640,2.600,2.610,10233,0
6399C1,D,5/26/17,0.095,0.095,0.095,0.095,0,0
6399C2,D,5/26/17,0.075,0.075,0.075,0.075,0,0
6399C3,D,5/26/17,0.15,0.15,0.15,0.15,0,0
6399CX,D,5/26/17,0.1,0.1,0.1,0.1,0,0
6399CY,D,5/26/17,0.11,0.11,0.11,0.11,0,0
6399CZ,D,5/26/17,0.1,0.1,0.1,0.1,0,0
0072,D,5/26/17,0.045,0.050,0.045,0.045,15220,0
0072WA,D,5/26/17,0.02,0.020,0.020,0.020,3378,0
0072WB,D,5/26/17,0.035,0.035,0.030,0.030,2175,0
7048,D,5/26/17,4.83,4.850,4.800,4.800,283,0
5130,D,5/26/17,1.13,1.140,1.130,1.140,400,0
7099,D,5/26/17,1.13,1.140,1.090,1.110,890,0
7099LA,D,5/26/17,0.21,0.200,0.200,0.200,350,0
7099WB,D,5/26/17,0.25,0.25,0.25,0.25,0,0
7099WC,D,5/26/17,0.5,0.5,0.5,0.5,0,0
7181,D,5/26/17,0.36,0.355,0.320,0.330,165,0
7579,D,5/26/17,1.12,1.130,1.080,1.100,13782,0
6888,D,5/26/17,4.98,5.070,4.980,5.020,59789,0
688810,D,5/26/17,0.08,0.08,0.08,0.08,0,0
688811,D,5/26/17,0.05,0.05,0.05,0.05,0,0
688812,D,5/26/17,0.175,0.175,0.175,0.175,0,0
688813,D,5/26/17,0.085,0.085,0.085,0.085,0,0
688814,D,5/26/17,0.15,0.15,0.15,0.15,0,0
688815,D,5/26/17,0.26,0.195,0.185,0.195,101,0
688816,D,5/26/17,0.27,0.27,0.27,0.27,0,0
688818,D,5/26/17,0.075,0.075,0.075,0.075,200,0
688819,D,5/26/17,0.15,0.15,0.15,0.15,0,0
5106,D,5/26/17,1.64,1.670,1.640,1.670,20309,0
5021,D,5/26/17,0.575,0.585,0.555,0.555,37334,0
7078,D,5/26/17,1.13,1.150,1.110,1.110,8765,0
7078WA,D,5/26/17,0.65,0.655,0.620,0.630,6081,0
0537C8,D,5/26/17,0.38,0.38,0.38,0.38,0,0
0098,D,5/26/17,0.81,0.815,0.810,0.810,2562,0
7251,D,5/26/17,0.62,0.645,0.615,0.645,15207,0
7251LA,D,5/26/17,0.62,0.62,0.62,0.62,0,0
4162,D,5/26/17,45.34,45.340,44.820,45.040,326,0
4162CG,D,5/26/17,0.07,0.07,0.07,0.07,0,0
4162CH,D,5/26/17,0.15,0.15,0.15,0.15,0,0
4162CI,D,5/26/17,0.1,0.1,0.1,0.1,0,0
5248,D,5/26/17,2.06,2.070,2.030,2.040,12793,0
5248CQ,D,5/26/17,0.03,0.03,0.03,0.03,0,0
5248CR,D,5/26/17,0.07,0.07,0.07,0.07,0,0
6602,D,5/26/17,0.47,0.470,0.460,0.470,590,0
0187,D,5/26/17,0.215,0.220,0.210,0.210,10768,0
6173,D,5/26/17,0.685,0.685,0.685,0.685,1166,0
5190,D,5/26/17,0.5,0.505,0.485,0.485,26934,0
9814,D,5/26/17,0.49,0.49,0.49,0.49,0,0
8133,D,5/26/17,2.23,2.230,2.150,2.230,40,0
7241,D,5/26/17,0.38,0.380,0.375,0.380,25405,0
7241WA,D,5/26/17,0.12,0.125,0.120,0.125,6409,0
7005,D,5/26/17,0.48,0.520,0.470,0.480,1577,0
5258,D,5/26/17,4.5,4.500,4.450,4.490,715,0
5258CU,D,5/26/17,0.085,0.085,0.075,0.075,1435,0
5258WA,D,5/26/17,0.395,0.395,0.380,0.390,15746,0
6998,D,5/26/17,0.23,0.225,0.210,0.215,11483,0
6998WA,D,5/26/17,0.115,0.115,0.100,0.100,17697,0
0179,D,5/26/17,0.26,0.265,0.255,0.255,82798,0
0179WA,D,5/26/17,0.185,0.190,0.185,0.190,27962,0
7243,D,5/26/17,0.095,0.095,0.090,0.090,11378,0
5032,D,5/26/17,6.3,6.300,6.300,6.300,10,0
5275,D,5/26/17,2.380,2.420,2.380,2.390,611,0
3239,D,5/26/17,1.4,1.400,1.300,1.340,11935,0
3239WA,D,5/26/17,0.315,0.335,0.270,0.280,17258,0
3395,D,5/26/17,0.355,0.355,0.350,0.350,121754,0
3395C3,D,5/26/17,0.025,0.025,0.020,0.025,8360,0
3395LD,D,5/26/17,0.485,0.485,0.485,0.485,1000,0
3395LE,D,5/26/17,0.405,0.405,0.405,0.405,0,0
3395WB,D,5/26/17,0.115,0.110,0.110,0.110,4577,0
3395WC,D,5/26/17,0.13,0.130,0.125,0.125,30914,0
5196,D,5/26/17,1.58,1.590,1.570,1.570,3212,0
5196WA,D,5/26/17,0.95,0.95,0.95,0.95,0,0
4219,D,5/26/17,0.485,0.485,0.480,0.480,630,0
6025,D,5/26/17,0.385,0.380,0.380,0.380,5,0
1562,D,5/26/17,2.67,2.680,2.610,2.620,40281,0
1562CU,D,5/26/17,0.015,0.015,0.015,0.015,52,0
1899,D,5/26/17,18.64,18.64,18.64,18.64,0,0
7187,D,5/26/17,0.405,0.415,0.400,0.405,16507,0
7187WA,D,5/26/17,0.265,0.275,0.265,0.270,6306,0
5069,D,5/26/17,8.61,8.61,8.61,8.61,0,0
0168,D,5/26/17,0.995,1.020,0.995,0.995,8684,0
9288,D,5/26/17,0.655,0.650,0.620,0.620,31942,0
7036,D,5/26/17,0.13,0.130,0.125,0.130,197644,0
7036WB,D,5/26/17,0.055,0.055,0.050,0.055,7053,0
7036WC,D,5/26/17,0.06,0.060,0.060,0.060,2670,0
6297,D,5/26/17,1.75,1.75,1.75,1.75,0,0
6297WA,D,5/26/17,0.63,0.63,0.63,0.63,0,0
5254,D,5/26/17,1.66,1.680,1.650,1.670,17845,0
5254CA,D,5/26/17,0.050,0.050,0.050,0.050,2000,0
5100,D,5/26/17,1.46,1.480,1.400,1.410,3459,0
5932,D,5/26/17,0.425,0.430,0.420,0.420,2729,0
9474,D,5/26/17,0.685,0.690,0.665,0.665,6960,0
8761,D,5/26/17,0.92,0.930,0.915,0.915,1742,0
9938,D,5/26/17,0.335,0.325,0.320,0.320,1740,0
9938WB,D,5/26/17,0.07,0.070,0.070,0.070,2400,0
7221,D,5/26/17,0.525,0.535,0.525,0.535,416,0
2771,D,5/26/17,2.61,2.630,2.610,2.620,1159,0
2771CL,D,5/26/17,0.045,0.045,0.045,0.045,0,0
0011,D,5/26/17,0.385,0.375,0.375,0.375,540,0
7188,D,5/26/17,0.29,0.285,0.285,0.285,1330,0
7188WA,D,5/26/17,0.09,0.09,0.09,0.09,0,0
7188WB,D,5/26/17,0.185,0.165,0.155,0.155,115,0
1818,D,5/26/17,10.64,10.980,10.580,10.960,23508,0
181811,D,5/26/17,0.335,0.395,0.325,0.375,48199,0
7174,D,5/26/17,2.97,3.000,2.940,2.970,8781,0
7174WA,D,5/26/17,2.3,2.350,2.270,2.300,5244,0
0191,D,5/26/17,0.71,0.735,0.705,0.720,39411,0
7154,D,5/26/17,0.485,0.480,0.480,0.480,1400,0
7128,D,5/26/17,0.3,0.300,0.295,0.295,658,0
5105,D,5/26/17,3.46,3.460,3.380,3.430,2003,0
5229,D,5/26/17,0.025,0.025,0.020,0.025,103550,0
0163,D,5/26/17,0.3,0.300,0.295,0.295,4778,0
5257,D,5/26/17,0.315,0.310,0.305,0.305,1440,0
5245,D,5/26/17,1.83,1.830,1.810,1.810,190,0
2836,D,5/26/17,14.7,14.740,14.560,14.740,858,0
7076,D,5/26/17,2.14,2.160,2.100,2.110,7463,0
7076CD,D,5/26/17,0.11,0.120,0.110,0.110,9810,0
7076CE,D,5/26/17,0.08,0.080,0.070,0.075,5050,0
7076WA,D,5/26/17,0.445,0.450,0.420,0.420,1168,0
2925,D,5/26/17,2.460,2.480,2.460,2.480,80,0
7035,D,5/26/17,0.96,0.965,0.930,0.960,49583,0
2879,D,5/26/17,1.62,1.610,1.570,1.590,3726,0
7148,D,5/26/17,2.29,2.300,2.280,2.290,550,0
5195,D,5/26/17,0.375,0.370,0.355,0.360,29213,0
5195WA,D,5/26/17,0.055,0.055,0.045,0.050,12919,0
5195WB,D,5/26/17,0.175,0.180,0.170,0.170,25290,0
7117,D,5/26/17,1.32,1.320,1.270,1.290,28447,0
8982,D,5/26/17,0.87,0.880,0.860,0.870,3013,0
8435,D,5/26/17,1.6,1.6,1.6,1.6,0,0
8044,D,5/26/17,1.02,1.020,1.020,1.020,15,0
7209,D,5/26/17,0.460,0.470,0.460,0.460,1865,0
9423,D,5/26/17,1.45,1.490,1.400,1.490,3236,0
5738,D,5/26/17,1.3,1.3,1.3,1.3,0,0
5273,D,5/26/17,1.37,1.380,1.330,1.350,6995,0
1929,D,5/26/17,8.02,8.020,8.020,8.020,40,0
5007,D,5/26/17,1.8,1.790,1.750,1.750,20963,0
5797,D,5/26/17,2.27,2.300,2.220,2.230,7383,0
7016,D,5/26/17,0.575,0.575,0.530,0.550,2743,0
8052,D,5/26/17,1.0,0.990,0.990,0.990,80,0
2828,D,5/26/17,2.42,2.42,2.42,2.42,0,0
1023,D,5/26/17,6.32,6.400,6.290,6.350,264861,0
102314,D,5/26/17,0.235,0.240,0.225,0.230,2560,0
102315,D,5/26/17,0.16,0.16,0.16,0.16,0,0
102316,D,5/26/17,0.225,0.225,0.225,0.225,700,0
102317,D,5/26/17,0.395,0.395,0.395,0.395,0,0
102318,D,5/26/17,0.400,0.410,0.400,0.405,260,0
102320,D,5/26/17,0.285,0.285,0.285,0.285,0,0
102321,D,5/26/17,0.215,0.225,0.210,0.215,7662,0
102322,D,5/26/17,0.24,0.250,0.235,0.235,2410,0
0822EA,D,5/26/17,1.93,1.93,1.93,1.93,0,0
0823EA,D,5/26/17,1.49,1.49,1.49,1.49,0,0
053512,D,5/26/17,0.19,0.19,0.19,0.19,0,0
5234,D,5/26/17,0.72,0.72,0.72,0.72,0,0
7018,D,5/26/17,0.06,0.06,0.06,0.06,0,0
7018LA,D,5/26/17,0.035,0.035,0.035,0.035,0,0
5180,D,5/26/17,1.49,1.500,1.490,1.500,22240,0
2852,D,5/26/17,4.14,4.190,4.120,4.140,22146,0
2852C5,D,5/26/17,0.16,0.16,0.16,0.16,0,0
2852C6,D,5/26/17,0.125,0.120,0.115,0.115,1200,0
2852C7,D,5/26/17,0.15,0.15,0.15,0.15,0,0
7986,D,5/26/17,0.415,0.415,0.415,0.415,200,0
5104,D,5/26/17,0.08,0.080,0.080,0.080,1100,0
5188,D,5/26/17,0.04,0.040,0.040,0.040,4,0
5071,D,5/26/17,1.37,1.380,1.330,1.330,12303,0
7205,D,5/26/17,2.74,2.760,2.730,2.740,303,0
7195,D,5/26/17,0.99,1.000,0.950,0.970,13914,0
2127,D,5/26/17,0.725,0.730,0.720,0.725,11248,0
5136,D,5/26/17,1.03,1.040,0.990,1.030,8014,0
5037,D,5/26/17,0.04,0.035,0.035,0.035,11165,0
0102,D,5/26/17,0.31,0.310,0.300,0.310,58320,0
0102PA,D,5/26/17,0.23,0.225,0.220,0.225,9313,0
0102WA,D,5/26/17,0.19,0.185,0.180,0.185,10627,0
0102WB,D,5/26/17,0.19,0.185,0.175,0.180,16840,0
8591,D,5/26/17,0.985,1.020,0.985,0.990,16849,0
6718,D,5/26/17,1.65,1.680,1.640,1.660,260,0
7202,D,5/26/17,1.85,1.870,1.840,1.840,289,0
5094,D,5/26/17,2.02,2.080,2.020,2.060,13925,0
5214,D,5/26/17,0.08,0.080,0.070,0.070,16127,0
5214WA,D,5/26/17,0.005,0.005,0.005,0.005,101,0
0051,D,5/26/17,0.265,0.265,0.250,0.260,34814,0
0051WA,D,5/26/17,0.155,0.160,0.145,0.150,35060,0
5049,D,5/26/17,1.670,1.680,1.670,1.680,765,0
0022,D,5/26/17,0.005,0.005,0.005,0.005,0,0
7157,D,5/26/17,0.8,0.805,0.795,0.805,20,0
5082,D,5/26/17,0.33,0.33,0.33,0.33,0,0
5184,D,5/26/17,2.75,2.820,2.740,2.780,27162,0
7204,D,5/26/17,0.645,0.655,0.625,0.635,36937,0
8125,D,5/26/17,2.75,2.750,2.550,2.750,23,0
5355,D,5/26/17,2.28,2.290,2.280,2.280,400,0
5276,D,5/26/17,0.805,0.790,0.750,0.750,19239,0
8338,D,5/26/17,0.48,0.485,0.445,0.460,94116,0
0091,D,5/26/17,0.085,0.085,0.080,0.080,11641,0
5141,D,5/26/17,1.11,1.110,1.060,1.110,28273,0
7179,D,5/26/17,0.035,0.040,0.035,0.035,663461,0
7179WB,D,5/26/17,0.02,0.020,0.015,0.015,3100,0
3484,D,5/26/17,0.685,0.685,0.660,0.680,2623,0
7119,D,5/26/17,0.91,0.91,0.91,0.91,0,0
5132,D,5/26/17,0.935,0.940,0.930,0.935,3480,0
8176,D,5/26/17,1.26,1.250,1.190,1.210,9970,0
7212,D,5/26/17,0.72,0.715,0.710,0.715,5732,0
0152,D,5/26/17,0.05,0.050,0.050,0.050,1800,0
0152WA,D,5/26/17,0.015,0.015,0.015,0.015,47348,0
0131,D,5/26/17,0.05,0.050,0.050,0.050,8979,0
7277,D,5/26/17,1.91,1.920,1.900,1.910,36321,0
727710,D,5/26/17,0.125,0.125,0.125,0.125,0,0
727711,D,5/26/17,0.21,0.21,0.21,0.21,0,0
727712,D,5/26/17,0.08,0.08,0.08,0.08,0,0
727713,D,5/26/17,0.15,0.15,0.15,0.15,0,0
727714,D,5/26/17,0.08,0.08,0.08,0.08,0,0
727715,D,5/26/17,0.09,0.085,0.085,0.085,1200,0
727716,D,5/26/17,0.115,0.115,0.115,0.115,0,0
727717,D,5/26/17,0.16,0.150,0.150,0.150,27,0
6947,D,5/26/17,5.03,5.060,5.010,5.060,43951,0
694715,D,5/26/17,0.15,0.15,0.15,0.15,0,0
694716,D,5/26/17,0.1,0.1,0.1,0.1,0,0
694717,D,5/26/17,0.15,0.15,0.15,0.15,0,0
694718,D,5/26/17,0.085,0.085,0.085,0.085,0,0
694719,D,5/26/17,0.09,0.090,0.090,0.090,476,0
694720,D,5/26/17,0.15,0.15,0.15,0.15,0,0
0029,D,5/26/17,0.18,0.180,0.170,0.170,70503,0
0029WB,D,5/26/17,0.105,0.105,0.100,0.100,4580,0
0400GA,D,5/26/17,99.4,99.4,99.4,99.4,0,0
0400GC,D,5/26/17,101.0,101.0,101.0,101.0,0,0
0400GB,D,5/26/17,101.5,101.5,101.5,101.5,0,0
7528,D,5/26/17,2.1,2.120,2.080,2.120,270,0
5908,D,5/26/17,4.92,4.940,4.900,4.940,837,0
3026,D,5/26/17,58.0,58.800,57.700,58.000,20,0
4456,D,5/26/17,0.6,0.600,0.575,0.580,291277,0
4456WD,D,5/26/17,0.315,0.315,0.295,0.300,316806,0
7114,D,5/26/17,0.285,0.285,0.280,0.280,5147,0
7114WA,D,5/26/17,0.09,0.090,0.090,0.090,6310,0
5835,D,5/26/17,0.315,0.315,0.315,0.315,820,0
5835PA,D,5/26/17,0.32,0.32,0.32,0.32,0,0
5835WC,D,5/26/17,0.12,0.12,0.12,0.12,0,0
5265,D,5/26/17,0.285,0.280,0.280,0.280,1604,0
5265WA,D,5/26/17,0.08,0.080,0.075,0.080,361,0
7169,D,5/26/17,1.22,1.240,1.210,1.230,2013,0
7169WA,D,5/26/17,0.290,0.305,0.290,0.295,5828,0
7198,D,5/26/17,0.105,0.110,0.100,0.110,17690,0
7198WA,D,5/26/17,0.025,0.025,0.025,0.025,0,0
7198WB,D,5/26/17,0.06,0.060,0.055,0.055,3880,0
1619,D,5/26/17,1.72,1.740,1.630,1.650,251193,0
161924,D,5/26/17,0.095,0.095,0.070,0.075,20030,0
161926,D,5/26/17,0.195,0.195,0.155,0.160,123776,0
161927,D,5/26/17,0.135,0.135,0.110,0.120,30575,0
161928,D,5/26/17,0.295,0.285,0.240,0.285,1502,0
161929,D,5/26/17,0.27,0.255,0.235,0.245,7302,0
161930,D,5/26/17,0.31,0.310,0.280,0.290,14550,0
161931,D,5/26/17,0.2,0.2,0.2,0.2,0,0
161932,D,5/26/17,0.135,0.135,0.115,0.115,83574,0
161933,D,5/26/17,0.145,0.150,0.125,0.130,204613,0
161934,D,5/26/17,0.215,0.215,0.215,0.215,0,0
161935,D,5/26/17,0.14,0.140,0.125,0.125,1406,0
5216,D,5/26/17,1.3,1.310,1.260,1.270,17657,0
5216CR,D,5/26/17,0.04,0.035,0.035,0.035,101,0
5216CS,D,5/26/17,0.02,0.020,0.020,0.020,101,0
5216CT,D,5/26/17,0.005,0.005,0.005,0.005,101,0
5216CU,D,5/26/17,0.065,0.060,0.055,0.055,2290,0
5216CV,D,5/26/17,0.105,0.100,0.095,0.095,8700,0
5216CW,D,5/26/17,0.065,0.060,0.055,0.055,1450,0
7233,D,5/26/17,1.45,1.480,1.360,1.390,24582,0
3948,D,5/26/17,0.47,0.470,0.460,0.465,14140,0
3417,D,5/26/17,1.84,1.860,1.830,1.840,16696,0
341710,D,5/26/17,0.060,0.060,0.060,0.060,100,0
341711,D,5/26/17,0.11,0.11,0.11,0.11,0,0
3417C5,D,5/26/17,0.11,0.11,0.11,0.11,0,0
3417C7,D,5/26/17,0.125,0.125,0.125,0.125,0,0
3417C8,D,5/26/17,0.155,0.155,0.155,0.155,0,0
3417C9,D,5/26/17,0.135,0.135,0.135,0.135,0,0
3417WB,D,5/26/17,0.23,0.235,0.210,0.225,17385,0
0154,D,5/26/17,0.105,0.110,0.105,0.110,40288,0
0154WB,D,5/26/17,0.045,0.045,0.045,0.045,8620,0
0154WC,D,5/26/17,0.05,0.050,0.045,0.045,1800,0
2097,D,5/26/17,0.195,0.200,0.195,0.200,2076,0
5259,D,5/26/17,0.54,0.550,0.525,0.550,7983,0
2143,D,5/26/17,0.56,0.575,0.560,0.560,2287,0
3557,D,5/26/17,0.295,0.295,0.290,0.295,3960,0
3557WC,D,5/26/17,0.13,0.130,0.125,0.130,1915,0
5253,D,5/26/17,2.45,2.470,2.420,2.460,2551,0
5253CA,D,5/26/17,0.11,0.110,0.110,0.110,707,0
8206,D,5/26/17,1.59,1.580,1.560,1.570,25067,0
8206CF,D,5/26/17,0.145,0.145,0.145,0.145,0,0
8206CG,D,5/26/17,0.13,0.125,0.120,0.125,5949,0
8206CH,D,5/26/17,0.12,0.120,0.120,0.120,2240,0
8206CI,D,5/26/17,0.15,0.15,0.15,0.15,0,0
8206WA,D,5/26/17,0.56,0.555,0.510,0.530,16868,0
5162,D,5/26/17,1.52,1.520,1.520,1.520,2147,0
5036,D,5/26/17,0.305,0.305,0.305,0.305,0,0
7471,D,5/26/17,0.28,0.280,0.260,0.280,36835,0
1368,D,5/26/17,3.07,3.100,3.050,3.050,424,0
0107,D,5/26/17,0.155,0.160,0.150,0.155,19825,0
0107WA,D,5/26/17,0.055,0.055,0.055,0.055,2525,0
0064,D,5/26/17,0.38,0.380,0.345,0.350,32666,0
0065,D,5/26/17,2.34,2.370,2.250,2.250,3944,0
0065WA,D,5/26/17,1.66,1.690,1.570,1.610,954,0
8907,D,5/26/17,0.88,0.880,0.870,0.875,14022,0
8907WC,D,5/26/17,0.505,0.505,0.485,0.485,3073,0
5081,D,5/26/17,0.9,0.910,0.900,0.910,1020,0
5208,D,5/26/17,1.94,1.940,1.900,1.920,6006,0
7182,D,5/26/17,0.085,0.085,0.085,0.085,3800,0
7182WA,D,5/26/17,0.025,0.025,0.025,0.025,0,0
8877,D,5/26/17,1.26,1.260,1.220,1.230,41145,0
8877CA,D,5/26/17,0.09,0.090,0.080,0.080,24003,0
8877WB,D,5/26/17,0.96,0.950,0.935,0.940,18526,0
9016,D,5/26/17,0.99,0.980,0.970,0.970,944,0
5228,D,5/26/17,1.22,1.240,1.220,1.240,6085,0
5228LA,D,5/26/17,1.0,1.0,1.0,1.0,0,0
0090,D,5/26/17,2.52,2.500,2.420,2.420,3274,0
7217,D,5/26/17,0.68,0.700,0.680,0.690,18197,0
9091,D,5/26/17,0.275,0.275,0.270,0.270,12247,0
6076,D,5/26/17,0.785,0.780,0.770,0.780,2347,0
7149,D,5/26/17,1.48,1.530,1.480,1.480,266,0
7149WA,D,5/26/17,0.29,0.29,0.29,0.29,0,0
5056,D,5/26/17,1.48,1.440,1.370,1.390,38646,0
5056WA,D,5/26/17,0.59,0.560,0.510,0.520,66593,0
8613,D,5/26/17,2.89,2.930,2.710,2.710,167,0
7773,D,5/26/17,0.69,0.690,0.650,0.650,1279,0
0190,D,5/26/17,0.405,0.410,0.405,0.405,14435,0
0100,D,5/26/17,0.41,0.410,0.405,0.405,4310,0
6815,D,5/26/17,1.04,1.070,1.010,1.010,2292,0
7208,D,5/26/17,0.225,0.225,0.225,0.225,300,0
7094,D,5/26/17,0.74,0.74,0.74,0.74,0,0
5101,D,5/26/17,0.88,0.875,0.870,0.875,5733,0
7249,D,5/26/17,0.69,0.700,0.675,0.675,10822,0
7249WA,D,5/26/17,0.04,0.04,0.04,0.04,0,0
5283,D,5/26/17,1.16,1.160,1.140,1.140,17748,0
5283CA,D,5/26/17,0.095,0.095,0.095,0.095,12280,0
5283CB,D,5/26/17,0.15,0.15,0.15,0.15,0,0
5283CC,D,5/26/17,0.15,0.15,0.15,0.15,0,0
5283CD,D,5/26/17,0.05,0.05,0.05,0.05,0,0
5283CE,D,5/26/17,0.05,0.045,0.045,0.045,3300,0
5283WA,D,5/26/17,0.34,0.335,0.325,0.325,30280,0
3689,D,5/26/17,25.0,25.000,25.000,25.000,36,0
3689CB,D,5/26/17,0.025,0.025,0.025,0.025,0,0
2984,D,5/26/17,1.27,1.250,1.230,1.230,847,0
7047,D,5/26/17,0.93,0.945,0.895,0.925,48451,0
7047WB,D,5/26/17,0.53,0.535,0.500,0.500,56448,0
5029,D,5/26/17,9.1,9.1,9.1,9.1,0,0
6041,D,5/26/17,0.57,0.565,0.555,0.560,955,0
9776,D,5/26/17,0.755,0.760,0.750,0.750,351,0
9776WB,D,5/26/17,0.16,0.160,0.145,0.160,313,0
7229,D,5/26/17,2.76,2.760,2.710,2.730,7362,0
056012,D,5/26/17,0.115,0.115,0.115,0.115,0,0
06501A,D,5/26/17,0.195,0.190,0.190,0.190,500,0
06501D,D,5/26/17,0.14,0.135,0.135,0.135,5250,0
06501E,D,5/26/17,0.15,0.15,0.15,0.15,0,0
06501F,D,5/26/17,0.15,0.15,0.15,0.15,0,0
06501G,D,5/26/17,0.08,0.08,0.08,0.08,0,0
06501H,D,5/26/17,0.285,0.285,0.285,0.285,0,0
06501I,D,5/26/17,0.42,0.42,0.42,0.42,0,0
06501J,D,5/26/17,0.215,0.215,0.215,0.215,0,0
06501K,D,5/26/17,0.325,0.325,0.325,0.325,0,0
06501L,D,5/26/17,0.415,0.415,0.415,0.415,0,0
06501M,D,5/26/17,0.18,0.18,0.18,0.18,0,0
06501N,D,5/26/17,0.15,0.15,0.15,0.15,0,0
06501O,D,5/26/17,0.205,0.205,0.205,0.205,0,0
06501P,D,5/26/17,0.335,0.335,0.335,0.335,0,0
06501Q,D,5/26/17,0.53,0.53,0.53,0.53,0,0
06501R,D,5/26/17,0.16,0.155,0.155,0.155,400,0
06501S,D,5/26/17,0.15,0.15,0.15,0.15,0,0
06501T,D,5/26/17,0.15,0.15,0.15,0.15,0,0
06501U,D,5/26/17,0.1,0.1,0.1,0.1,0,0
06501V,D,5/26/17,0.35,0.35,0.35,0.35,0,0
06501W,D,5/26/17,0.505,0.505,0.505,0.505,0,0
06501X,D,5/26/17,0.06,0.070,0.060,0.060,2500,0
06501Y,D,5/26/17,0.325,0.325,0.325,0.325,0,0
06501Z,D,5/26/17,0.53,0.53,0.53,0.53,0,0
0820EA,D,5/26/17,1.81,1.81,1.81,1.81,0,0
06502C,D,5/26/17,0.005,0.005,0.005,0.005,0,0
06502F,D,5/26/17,0.005,0.005,0.005,0.005,0,0
06502G,D,5/26/17,0.03,0.03,0.03,0.03,0,0
06502H,D,5/26/17,0.03,0.03,0.03,0.03,0,0
06502I,D,5/26/17,0.01,0.01,0.01,0.01,0,0
06502J,D,5/26/17,0.05,0.05,0.05,0.05,0,0
06502K,D,5/26/17,0.025,0.025,0.025,0.025,0,0
06502L,D,5/26/17,0.005,0.005,0.005,0.005,0,0
06502M,D,5/26/17,0.155,0.155,0.155,0.155,0,0
06502N,D,5/26/17,0.14,0.14,0.14,0.14,0,0
06502O,D,5/26/17,0.055,0.055,0.055,0.055,0,0
06502P,D,5/26/17,0.05,0.05,0.05,0.05,0,0
06502Q,D,5/26/17,0.005,0.005,0.005,0.005,2,0
06502R,D,5/26/17,0.155,0.155,0.155,0.155,0,0
06502S,D,5/26/17,0.13,0.13,0.13,0.13,0,0
06502T,D,5/26/17,0.015,0.015,0.015,0.015,300,0
06502U,D,5/26/17,0.075,0.075,0.075,0.075,0,0
06502V,D,5/26/17,0.08,0.08,0.08,0.08,0,0
06502W,D,5/26/17,0.04,0.04,0.04,0.04,0,0
06502X,D,5/26/17,0.165,0.165,0.165,0.165,0,0
06502Y,D,5/26/17,0.265,0.265,0.265,0.265,0,0
06502Z,D,5/26/17,0.085,0.095,0.085,0.090,5961,0
06504A,D,5/26/17,0.315,0.315,0.315,0.315,0,0
06504B,D,5/26/17,0.45,0.45,0.45,0.45,0,0
2755,D,5/26/17,0.88,0.880,0.860,0.860,27,0
8605,D,5/26/17,0.805,0.805,0.775,0.775,8787,0
8605PA,D,5/26/17,0.17,0.170,0.160,0.165,6449,0
5222,D,5/26/17,1.86,1.870,1.810,1.840,70554,0
522218,D,5/26/17,0.005,0.005,0.005,0.005,0,0
522221,D,5/26/17,0.03,0.030,0.030,0.030,3800,0
522222,D,5/26/17,0.095,0.090,0.085,0.085,5222,0
522223,D,5/26/17,0.065,0.060,0.055,0.060,71811,0
522224,D,5/26/17,0.07,0.070,0.065,0.070,148770,0
522225,D,5/26/17,0.035,0.030,0.030,0.030,500,0
522226,D,5/26/17,0.07,0.065,0.060,0.065,20650,0
522227,D,5/26/17,0.035,0.035,0.030,0.035,5700,0
522228,D,5/26/17,0.1,0.095,0.090,0.095,4000,0
6939,D,5/26/17,0.565,0.560,0.540,0.560,14980,0
6939WB,D,5/26/17,0.32,0.32,0.32,0.32,0,0
0149,D,5/26/17,0.67,0.670,0.660,0.665,928,0
3107,D,5/26/17,2.29,2.320,2.280,2.280,1215,0
9318,D,5/26/17,0.41,0.415,0.405,0.405,18383,0
9318WB,D,5/26/17,0.11,0.110,0.105,0.110,8761,0
5197,D,5/26/17,1.75,1.760,1.710,1.710,7906,0
0116,D,5/26/17,0.265,0.275,0.255,0.255,59799,0
0116WC,D,5/26/17,0.25,0.260,0.230,0.250,21304,0
0157,D,5/26/17,0.3,0.3,0.3,0.3,0,0
5277,D,5/26/17,0.905,0.915,0.860,0.870,55957,0
9172,D,5/26/17,0.91,0.905,0.900,0.905,1916,0
7210,D,5/26/17,1.39,1.410,1.360,1.400,298,0
0128,D,5/26/17,0.265,0.270,0.260,0.265,168369,0
9377,D,5/26/17,0.195,0.215,0.195,0.215,40,0
9377WA,D,5/26/17,0.085,0.085,0.085,0.085,0,0
7184,D,5/26/17,1.88,1.890,1.800,1.890,2179,0
9261,D,5/26/17,1.28,1.290,1.260,1.270,87721,0
9261WB,D,5/26/17,0.65,0.650,0.630,0.635,21343,0
5398,D,5/26/17,5.36,5.370,5.340,5.370,26661,0
539831,D,5/26/17,0.17,0.175,0.170,0.175,11630,0
539832,D,5/26/17,0.13,0.13,0.13,0.13,0,0
539834,D,5/26/17,0.16,0.16,0.16,0.16,0,0
539835,D,5/26/17,0.145,0.145,0.145,0.145,0,0
539836,D,5/26/17,0.12,0.12,0.12,0.12,0,0
5398WE,D,5/26/17,1.36,1.370,1.340,1.360,17545,0
5209,D,5/26/17,2.94,2.940,2.890,2.940,5226,0
5209CU,D,5/26/17,0.215,0.215,0.215,0.215,0,0
5209CV,D,5/26/17,0.15,0.15,0.15,0.15,0,0
5209CW,D,5/26/17,0.105,0.105,0.105,0.105,0,0
5226,D,5/26/17,1.41,1.450,1.400,1.410,10991,0
5226WA,D,5/26/17,0.395,0.410,0.390,0.395,98882,0
3611,D,5/26/17,1.34,1.34,1.34,1.34,0,0
3611WA,D,5/26/17,0.345,0.345,0.345,0.345,42,0
5102,D,5/26/17,1.05,1.050,1.030,1.030,2869,0
5592,D,5/26/17,0.55,0.550,0.550,0.550,10,0
0078,D,5/26/17,2.92,2.930,2.700,2.780,51606,0
0078CD,D,5/26/17,0.27,0.255,0.220,0.235,24046,0
0078CE,D,5/26/17,0.160,0.165,0.160,0.160,4310,0
0078WB,D,5/26/17,1.83,1.870,1.650,1.690,7119,0
0104,D,5/26/17,0.885,0.880,0.870,0.870,132,0
4715,D,5/26/17,6.2,6.200,5.970,6.020,120962,0
471518,D,5/26/17,0.38,0.330,0.305,0.310,1750,0
471519,D,5/26/17,0.295,0.250,0.250,0.250,150,0
471520,D,5/26/17,0.215,0.215,0.215,0.215,0,0
471521,D,5/26/17,0.17,0.17,0.17,0.17,0,0
471522,D,5/26/17,0.26,0.26,0.26,0.26,0,0
471523,D,5/26/17,0.345,0.345,0.345,0.345,0,0
471524,D,5/26/17,0.27,0.240,0.220,0.225,10188,0
471525,D,5/26/17,0.19,0.19,0.19,0.19,0,0
2291,D,5/26/17,11.66,11.680,11.600,11.680,5747,0
2291WA,D,5/26/17,3.83,3.83,3.83,3.83,0,0
3182,D,5/26/17,9.99,9.970,9.870,9.940,20789,0
3182WA,D,5/26/17,1.88,1.880,1.830,1.850,18314,0
318234,D,5/26/17,0.155,0.150,0.145,0.150,2800,0
318235,D,5/26/17,0.24,0.24,0.24,0.24,0,0
318236,D,5/26/17,0.18,0.175,0.175,0.175,100,0
318237,D,5/26/17,0.285,0.285,0.285,0.285,0,0
318238,D,5/26/17,0.21,0.21,0.21,0.21,0,0
318239,D,5/26/17,0.23,0.23,0.23,0.23,0,0
318240,D,5/26/17,0.16,0.16,0.16,0.16,0,0
318241,D,5/26/17,0.355,0.355,0.355,0.355,0,0
318242,D,5/26/17,0.17,0.170,0.165,0.165,1620,0
318243,D,5/26/17,0.13,0.130,0.130,0.130,2000,0
318244,D,5/26/17,0.165,0.165,0.165,0.165,11,0
318245,D,5/26/17,0.145,0.145,0.145,0.145,0,0
7197,D,5/26/17,2.19,2.170,2.120,2.170,223,0
0039,D,5/26/17,0.715,0.720,0.700,0.710,21645,0
0021,D,5/26/17,1.44,1.450,1.440,1.440,10982,0
3204,D,5/26/17,4.06,4.060,3.910,3.970,8140,0
7382,D,5/26/17,0.635,0.630,0.630,0.630,1657,0
5020,D,5/26/17,0.7,0.710,0.700,0.710,1280,0
5220,D,5/26/17,0.06,0.060,0.055,0.055,49329,0
9962,D,5/26/17,0.47,0.465,0.460,0.460,2230,0
0045,D,5/26/17,0.065,0.065,0.060,0.065,5045,0
1147,D,5/26/17,0.39,0.390,0.370,0.375,14108,0
1147WA,D,5/26/17,0.175,0.175,0.160,0.170,4334,0
0074,D,5/26/17,0.165,0.165,0.155,0.160,10035,0
0074WA,D,5/26/17,0.06,0.060,0.055,0.055,10000,0
5606,D,5/26/17,3.0,3.010,2.980,3.010,1610,0
5606PA,D,5/26/17,1.3,1.3,1.3,1.3,0,0
7192,D,5/26/17,0.275,0.265,0.250,0.265,34,0
0522C9,D,5/26/17,0.195,0.195,0.195,0.195,1000,0
2135,D,5/26/17,1.4,1.380,1.330,1.380,258,0
7096,D,5/26/17,0.105,0.100,0.100,0.100,100,0
7096WA,D,5/26/17,0.04,0.040,0.030,0.040,128325,0
0082,D,5/26/17,0.385,0.385,0.360,0.370,79722,0
5649,D,5/26/17,0.32,0.315,0.315,0.315,380,0
0056,D,5/26/17,0.23,0.230,0.225,0.230,538,0
0136,D,5/26/17,0.225,0.225,0.215,0.215,4183,0
7077,D,5/26/17,0.11,0.110,0.110,0.110,200,0
7022,D,5/26/17,5.77,5.800,5.690,5.750,12178,0
7022CH,D,5/26/17,0.1,0.095,0.095,0.095,5000,0
0578C1,D,5/26/17,0.145,0.145,0.145,0.145,0,0
3247,D,5/26/17,0.92,0.940,0.915,0.925,1583,0
7676,D,5/26/17,0.51,0.530,0.500,0.515,1059,0
7676WB,D,5/26/17,0.225,0.225,0.220,0.220,1790,0
1503,D,5/26/17,1.2,1.220,1.200,1.200,1579,0
7668,D,5/26/17,3.93,3.960,3.900,3.950,5935,0
5151,D,5/26/17,1.13,1.110,1.100,1.100,550,0
7253,D,5/26/17,0.275,0.275,0.275,0.275,380,0
3034,D,5/26/17,9.150,9.420,9.150,9.200,10423,0
3034CU,D,5/26/17,0.370,0.410,0.370,0.405,3213,0
2062,D,5/26/17,0.78,0.790,0.775,0.790,12148,0
2062WC,D,5/26/17,0.34,0.295,0.280,0.280,1541,0
5008,D,5/26/17,4.15,4.140,4.120,4.140,128,0
7501,D,5/26/17,0.83,0.820,0.820,0.820,270,0
5168,D,5/26/17,6.38,6.400,6.180,6.330,5689,0
5168CU,D,5/26/17,0.08,0.08,0.08,0.08,0,0
5168CV,D,5/26/17,0.26,0.26,0.26,0.26,0,0
5168CW,D,5/26/17,0.12,0.12,0.12,0.12,0,0
5168CX,D,5/26/17,0.17,0.17,0.17,0.17,0,0
5168CY,D,5/26/17,0.23,0.23,0.23,0.23,0,0
5187,D,5/26/17,0.065,0.060,0.060,0.060,900,0
7105,D,5/26/17,5.38,5.360,5.230,5.290,200,0
3255,D,5/26/17,18.7,18.740,18.680,18.740,354,0
5121,D,5/26/17,1.52,1.520,1.510,1.510,1525,0
4324,D,5/26/17,5.8,5.940,5.660,5.760,18596,0
5095,D,5/26/17,1.42,1.440,1.380,1.390,10603,0
5095WB,D,5/26/17,1.15,1.130,1.120,1.120,349,0
3298,D,5/26/17,1.15,1.030,0.980,1.000,79398,0
0175,D,5/26/17,0.275,0.275,0.250,0.270,25227,0
0160,D,5/26/17,0.115,0.115,0.110,0.115,13726,0
5072,D,5/26/17,0.31,0.315,0.305,0.310,15644,0
5072LA,D,5/26/17,0.32,0.320,0.315,0.320,1841,0
5072WB,D,5/26/17,0.12,0.120,0.115,0.115,22743,0
5199,D,5/26/17,0.425,0.415,0.405,0.410,176773,0
7033,D,5/26/17,1.04,1.040,1.040,1.040,100,0
8443,D,5/26/17,1.08,1.120,1.080,1.110,3335,0
5819,D,5/26/17,13.98,14.120,13.820,13.960,11149,0
5274,D,5/26/17,9.98,9.98,9.98,9.98,0,0
1082,D,5/26/17,16.7,16.700,16.400,16.680,931,0
3301,D,5/26/17,9.95,10.000,9.920,9.990,262,0
0188,D,5/26/17,0.45,0.445,0.435,0.435,3340,0
5169,D,5/26/17,0.885,0.890,0.850,0.855,13966,0
5169WA,D,5/26/17,0.475,0.475,0.435,0.435,13833,0
5165,D,5/26/17,0.35,0.35,0.35,0.35,0,0
5160,D,5/26/17,0.935,0.935,0.930,0.935,1520,0
5160WA,D,5/26/17,0.31,0.31,0.31,0.31,0,0
7010,D,5/26/17,0.45,0.45,0.45,0.45,0,0
7213,D,5/26/17,0.335,0.335,0.325,0.330,39602,0
7213WB,D,5/26/17,0.18,0.180,0.175,0.175,4066,0
06511A,D,5/26/17,1.51,1.51,1.51,1.51,0,0
06511B,D,5/26/17,0.670,0.700,0.670,0.670,367,0
06511C,D,5/26/17,1.12,1.12,1.12,1.12,0,0
06511D,D,5/26/17,1.06,1.06,1.06,1.06,0,0
06511E,D,5/26/17,0.635,0.650,0.630,0.630,3619,0
06511F,D,5/26/17,1.07,1.07,1.07,1.07,0,0
06511G,D,5/26/17,1.22,1.22,1.22,1.22,0,0
06511H,D,5/26/17,0.5,0.5,0.5,0.5,0,0
06511I,D,5/26/17,0.8,0.8,0.8,0.8,0,0
06511J,D,5/26/17,1.23,1.23,1.23,1.23,0,0
065178,D,5/26/17,0.75,0.75,0.75,0.75,0,0
065180,D,5/26/17,1.05,1.05,1.05,1.05,0,0
065182,D,5/26/17,1.8,1.8,1.8,1.8,0,0
065184,D,5/26/17,0.825,0.850,0.800,0.810,17968,0
065186,D,5/26/17,1.32,1.32,1.32,1.32,0,0
065188,D,5/26/17,1.55,1.55,1.55,1.55,0,0
065190,D,5/26/17,0.805,0.805,0.805,0.805,0,0
065192,D,5/26/17,0.97,0.97,0.97,0.97,0,0
065194,D,5/26/17,1.23,1.23,1.23,1.23,0,0
065196,D,5/26/17,0.82,0.840,0.810,0.815,900,0
065198,D,5/26/17,1.14,1.14,1.14,1.14,0,0
06512A,D,5/26/17,0.195,0.195,0.195,0.195,0,0
06512B,D,5/26/17,0.305,0.280,0.270,0.280,300,0
06512C,D,5/26/17,0.58,0.550,0.535,0.545,1600,0
06512D,D,5/26/17,0.23,0.23,0.23,0.23,0,0
06512E,D,5/26/17,0.44,0.440,0.435,0.435,600,0
06512F,D,5/26/17,0.77,0.770,0.765,0.765,165,0
06512G,D,5/26/17,0.33,0.33,0.33,0.33,0,0
06512H,D,5/26/17,0.645,0.645,0.645,0.645,0,0
06512I,D,5/26/17,0.955,0.960,0.935,0.950,441,0
06512J,D,5/26/17,0.48,0.48,0.48,0.48,0,0
06512K,D,5/26/17,0.855,0.855,0.855,0.855,0,0
06512L,D,5/26/17,1.2,1.150,1.150,1.150,1,0
065183,D,5/26/17,0.005,0.005,0.005,0.005,0,0
065185,D,5/26/17,0.005,0.005,0.005,0.005,0,0
065187,D,5/26/17,0.01,0.01,0.01,0.01,0,0
065189,D,5/26/17,0.01,0.01,0.01,0.01,0,0
065191,D,5/26/17,0.04,0.04,0.04,0.04,0,0
065193,D,5/26/17,0.11,0.120,0.110,0.115,18130,0
065195,D,5/26/17,0.1,0.1,0.1,0.1,0,0
065197,D,5/26/17,0.215,0.215,0.215,0.215,0,0
065199,D,5/26/17,0.365,0.365,0.345,0.365,20053,0
6238,D,5/26/17,1.66,1.700,1.640,1.650,7553,0
5138,D,5/26/17,2.61,2.620,2.610,2.610,635,0
0185,D,5/26/17,0.925,0.925,0.880,0.895,12621,0
5028,D,5/26/17,0.95,0.950,0.885,0.890,5341,0
2739,D,5/26/17,0.04,0.045,0.040,0.045,1632,0
5062,D,5/26/17,1.08,1.080,1.070,1.070,3130,0
7013,D,5/26/17,0.06,0.060,0.055,0.060,13010,0
7013WA,D,5/26/17,0.015,0.020,0.015,0.020,625,0
7013WB,D,5/26/17,0.03,0.03,0.03,0.03,0,0
5000,D,5/26/17,2.61,2.610,2.600,2.610,483,0
5000CB,D,5/26/17,0.05,0.05,0.05,0.05,0,0
5024,D,5/26/17,1.26,1.260,1.240,1.250,7696,0
6688,D,5/26/17,2.61,2.61,2.61,2.61,0,0
8478,D,5/26/17,0.49,0.49,0.49,0.49,0,0
9601,D,5/26/17,0.06,0.060,0.055,0.055,15522,0
9601WD,D,5/26/17,0.03,0.030,0.025,0.030,2916,0
4251,D,5/26/17,0.625,0.625,0.615,0.620,4604,0
4251LB,D,5/26/17,0.48,0.48,0.48,0.48,0,0
4251WA,D,5/26/17,0.2,0.200,0.195,0.200,269,0
5084,D,5/26/17,0.86,0.880,0.845,0.865,13807,0
5108,D,5/26/17,2.66,2.630,2.610,2.610,129,0
5255,D,5/26/17,0.28,0.285,0.280,0.280,15837,0
9687,D,5/26/17,0.82,0.830,0.820,0.820,247,0
9687WB,D,5/26/17,0.285,0.285,0.285,0.285,0,0
0174,D,5/26/17,0.07,0.070,0.070,0.070,11100,0
0174WA,D,5/26/17,0.04,0.045,0.035,0.040,6040,0
0023,D,5/26/17,0.42,0.420,0.410,0.415,41404,0
1597,D,5/26/17,2.95,2.960,2.950,2.950,1217,0
1597CP,D,5/26/17,0.205,0.205,0.205,0.205,0,0
5227,D,5/26/17,1.7,1.700,1.690,1.700,33920,0
5225,D,5/26/17,5.71,5.790,5.620,5.620,80605,0
5225C2,D,5/26/17,0.01,0.01,0.01,0.01,0,0
5225C3,D,5/26/17,0.04,0.045,0.035,0.040,9616,0
5225C4,D,5/26/17,0.075,0.075,0.075,0.075,0,0
0162,D,5/26/17,0.26,0.270,0.255,0.255,17482,0
3336,D,5/26/17,3.5,3.510,3.480,3.500,69516,0
3336C4,D,5/26/17,0.09,0.090,0.090,0.090,1000,0
3336C5,D,5/26/17,0.13,0.135,0.130,0.130,2500,0
3336C6,D,5/26/17,0.115,0.115,0.115,0.115,0,0
2216,D,5/26/17,3.140,3.180,3.140,3.180,46,0
5268,D,5/26/17,0.715,0.745,0.715,0.725,37300,0
5614,D,5/26/17,0.81,0.810,0.810,0.810,371,0
7222,D,5/26/17,1.9,1.890,1.890,1.890,150,0
0166,D,5/26/17,2.08,2.110,2.070,2.110,49043,0
0166C1,D,5/26/17,0.105,0.100,0.095,0.095,700,0
0166C2,D,5/26/17,0.12,0.105,0.105,0.105,700,0
0166CU,D,5/26/17,0.165,0.165,0.165,0.165,0,0
0166CV,D,5/26/17,0.16,0.16,0.16,0.16,0,0
0166CW,D,5/26/17,0.23,0.220,0.205,0.210,8100,0
0166CX,D,5/26/17,0.155,0.150,0.150,0.150,200,0
0166CY,D,5/26/17,0.255,0.255,0.255,0.255,0,0
0166CZ,D,5/26/17,0.255,0.255,0.250,0.255,1033,0
0166WA,D,5/26/17,1.95,1.95,1.95,1.95,0,0
0166WB,D,5/26/17,1.32,1.330,1.310,1.310,1214,0
2607,D,5/26/17,0.7,0.720,0.700,0.720,225,0
0094,D,5/26/17,0.075,0.075,0.075,0.075,5022,0
0094WA,D,5/26/17,0.035,0.035,0.035,0.035,1300,0
0147,D,5/26/17,0.73,0.73,0.73,0.73,0,0
6262,D,5/26/17,1.2,1.200,1.170,1.170,340,0
3379,D,5/26/17,0.99,0.995,0.960,0.965,82025,0
3379PA,D,5/26/17,0.965,0.980,0.960,0.980,337,0
3379WB,D,5/26/17,0.375,0.380,0.355,0.360,92198,0
0192,D,5/26/17,0.305,0.320,0.300,0.305,362490,0
1961,D,5/26/17,4.57,4.600,4.570,4.580,24039,0
196113,D,5/26/17,0.105,0.110,0.105,0.110,11,0
196114,D,5/26/17,0.15,0.15,0.15,0.15,0,0
5249,D,5/26/17,2.1,2.140,2.090,2.140,20137,0
5249CO,D,5/26/17,0.085,0.085,0.085,0.085,0,0
5673,D,5/26/17,0.76,0.76,0.76,0.76,0,0
5107,D,5/26/17,3.9,3.900,3.760,3.890,1478,0
8834,D,5/26/17,0.65,0.650,0.600,0.650,60,0
8834WB,D,5/26/17,0.135,0.135,0.120,0.135,220,0
7183,D,5/26/17,0.205,0.205,0.195,0.200,1735,0
7183LA,D,5/26/17,0.025,0.025,0.025,0.025,200,0
7183WA,D,5/26/17,0.05,0.050,0.040,0.050,4275,0
0010,D,5/26/17,0.185,0.190,0.180,0.185,439651,0
9393,D,5/26/17,0.265,0.265,0.245,0.245,3137,0
5175,D,5/26/17,0.47,0.465,0.440,0.455,30281,0
1589,D,5/26/17,1.73,1.750,1.680,1.700,118694,0
7223,D,5/26/17,0.07,0.070,0.065,0.065,3864,0
0024,D,5/26/17,0.135,0.135,0.130,0.130,53607,0
0024WA,D,5/26/17,0.05,0.050,0.045,0.050,23731,0
4723,D,5/26/17,1.58,1.590,1.520,1.550,30561,0
8648,D,5/26/17,0.15,0.150,0.150,0.150,14900,0
2747,D,5/26/17,0.035,0.035,0.035,0.035,0,0
7152,D,5/26/17,1.32,1.330,1.300,1.310,1928,0
0058,D,5/26/17,1.87,1.860,1.860,1.860,20,0
5161,D,5/26/17,0.655,0.670,0.630,0.640,64402,0
5161C1,D,5/26/17,0.27,0.27,0.27,0.27,0,0
5161C2,D,5/26/17,0.1,0.100,0.080,0.085,66331,0
5161CY,D,5/26/17,0.205,0.205,0.205,0.205,0,0
5161CZ,D,5/26/17,0.205,0.205,0.205,0.205,0,0
8931,D,5/26/17,0.69,0.685,0.610,0.650,9064,0
9083,D,5/26/17,0.385,0.380,0.370,0.370,6160,0
9083WB,D,5/26/17,0.08,0.090,0.070,0.090,401,0
0146,D,5/26/17,1.3,1.400,1.300,1.370,34324,0
0127,D,5/26/17,4.78,4.980,4.760,4.960,4757,0
8923,D,5/26/17,0.29,0.290,0.280,0.280,2977,0
8923WA,D,5/26/17,0.095,0.085,0.080,0.085,4600,0
6769,D,5/26/17,0.115,0.115,0.110,0.115,124368,0
7043,D,5/26/17,1.1,1.100,1.100,1.100,300,0
3441,D,5/26/17,0.26,0.255,0.245,0.245,35846,0
7167,D,5/26/17,1.68,1.690,1.650,1.650,4500,0
7167WA,D,5/26/17,0.78,0.780,0.755,0.755,14941,0
4383,D,5/26/17,1.150,1.200,1.150,1.160,51772,0
4383CL,D,5/26/17,0.005,0.005,0.005,0.005,2400,0
4383CN,D,5/26/17,0.045,0.055,0.045,0.050,82075,0
0111,D,5/26/17,0.23,0.225,0.220,0.225,12660,0
8672,D,5/26/17,0.37,0.37,0.37,0.37,0,0
0170,D,5/26/17,0.255,0.255,0.245,0.245,1930,0
0170WA,D,5/26/17,0.16,0.165,0.150,0.155,1486,0
5247,D,5/26/17,2.23,2.230,2.100,2.120,5683,0
5247CR,D,5/26/17,0.015,0.015,0.015,0.015,0,0
5247CS,D,5/26/17,0.025,0.020,0.020,0.020,28429,0
5247CT,D,5/26/17,0.055,0.055,0.055,0.055,0,0
5247CU,D,5/26/17,0.035,0.035,0.035,0.035,0,0
5247CV,D,5/26/17,0.035,0.035,0.035,0.035,0,0
5247CW,D,5/26/17,0.11,0.090,0.090,0.090,1000,0
5247CX,D,5/26/17,0.06,0.06,0.06,0.06,0,0
5247CY,D,5/26/17,0.09,0.085,0.075,0.075,3500,0
5247CZ,D,5/26/17,0.12,0.115,0.090,0.105,12215,0
0054,D,5/26/17,0.245,0.245,0.230,0.240,71684,0
7216,D,5/26/17,4.64,4.650,4.640,4.650,398,0
5079,D,5/26/17,0.235,0.235,0.230,0.230,728,0
3115,D,5/26/17,0.075,0.075,0.070,0.070,69683,0
3115WC,D,5/26/17,0.025,0.025,0.025,0.025,22437,0
7199,D,5/26/17,0.735,0.725,0.720,0.725,590,0
7323,D,5/26/17,0.94,0.94,0.94,0.94,0,0
6483,D,5/26/17,0.67,0.670,0.640,0.655,6217,0
7161,D,5/26/17,3.18,3.170,3.110,3.140,3290,0
7161CA,D,5/26/17,0.3,0.285,0.270,0.280,5041,0
7161CB,D,5/26/17,0.095,0.085,0.080,0.080,22600,0
7161CC,D,5/26/17,0.16,0.150,0.150,0.150,320,0
7161CD,D,5/26/17,0.15,0.15,0.15,0.15,0,0
7161WA,D,5/26/17,2.33,2.240,2.220,2.230,297,0
9334,D,5/26/17,13.64,13.800,13.400,13.640,68,0
0143,D,5/26/17,0.115,0.115,0.105,0.110,5873,0
6491,D,5/26/17,1.93,1.960,1.920,1.920,4223,0
8303,D,5/26/17,0.175,0.175,0.170,0.170,1560,0
0151,D,5/26/17,0.67,0.670,0.635,0.645,18740,0
0151WA,D,5/26/17,0.42,0.420,0.385,0.395,6150,0
0036,D,5/26/17,0.04,0.045,0.040,0.040,72092,0
0036WA,D,5/26/17,0.015,0.015,0.010,0.015,8252,0
0036WB,D,5/26/17,0.02,0.025,0.020,0.020,54803,0
6203,D,5/26/17,0.795,0.805,0.780,0.805,658,0
7062,D,5/26/17,2.42,2.420,2.420,2.420,375,0
6211,D,5/26/17,0.415,0.420,0.415,0.420,460,0
3522,D,5/26/17,3.01,3.010,2.990,2.990,60,0
3522CB,D,5/26/17,0.055,0.055,0.055,0.055,0,0
5371,D,5/26/17,2.27,2.090,1.900,2.080,16700,0
5171,D,5/26/17,2.27,2.250,2.250,2.250,250,0
5171WA,D,5/26/17,0.735,0.735,0.705,0.735,257,0
5060,D,5/26/17,0.06,0.060,0.050,0.055,53805,0
5280,D,5/26/17,0.925,0.925,0.910,0.920,10657,0
9466,D,5/26/17,1.3,1.300,1.290,1.290,450,0
2445,D,5/26/17,24.7,24.960,24.660,24.780,9920,0
2445CZ,D,5/26/17,0.15,0.15,0.15,0.15,0,0
2453,D,5/26/17,3.21,3.21,3.21,3.21,0,0
5027,D,5/26/17,3.79,3.790,3.780,3.790,468,0
5027CA,D,5/26/17,0.135,0.135,0.135,0.135,0,0
7164,D,5/26/17,0.29,0.290,0.285,0.285,39738,0
7164WA,D,5/26/17,0.01,0.010,0.010,0.010,16644,0
7164WB,D,5/26/17,0.095,0.095,0.095,0.095,6532,0
5035,D,5/26/17,1.25,1.180,1.180,1.180,16,0
6971,D,5/26/17,1.020,1.080,1.020,1.070,5800,0
7017,D,5/26/17,0.28,0.275,0.270,0.270,2335,0
7017WB,D,5/26/17,0.095,0.095,0.090,0.090,2042,0
7153,D,5/26/17,6.51,6.490,6.350,6.490,992,0
7153CQ,D,5/26/17,0.06,0.06,0.06,0.06,0,0
7153CR,D,5/26/17,0.115,0.115,0.115,0.115,0,0
7153CS,D,5/26/17,0.105,0.105,0.105,0.105,0,0
7153CT,D,5/26/17,0.095,0.095,0.095,0.095,0,0
7153CU,D,5/26/17,0.045,0.045,0.040,0.045,4000,0
0002,D,5/26/17,1.62,1.600,1.580,1.600,365,0
5878,D,5/26/17,4.17,4.200,4.140,4.170,919,0
5878WB,D,5/26/17,1.29,1.290,1.270,1.290,2321,0
7130,D,5/26/17,0.685,0.670,0.650,0.660,10929,0
5843,D,5/26/17,1.48,1.500,1.470,1.470,967,0
9121,D,5/26/17,0.54,0.540,0.525,0.540,499,0
1996,D,5/26/17,0.56,0.560,0.555,0.560,1327,0
0176,D,5/26/17,0.535,0.530,0.455,0.470,171780,0
3476,D,5/26/17,4.98,4.960,4.960,4.960,32,0
5038,D,5/26/17,1.2,1.220,1.200,1.210,6887,0
5038CG,D,5/26/17,0.04,0.045,0.040,0.045,4300,0
5192,D,5/26/17,0.52,0.525,0.500,0.505,1622,0
5172,D,5/26/17,0.13,0.140,0.120,0.125,72169,0
4847,D,5/26/17,0.165,0.160,0.150,0.155,12343,0
0180,D,5/26/17,0.27,0.275,0.270,0.275,5980,0
6874,D,5/26/17,0.59,0.590,0.560,0.570,51580,0
2186,D,5/26/17,1.22,1.220,1.210,1.220,594,0
6572,D,5/26/17,1.69,1.650,1.640,1.640,230,0
8362,D,5/26/17,0.54,0.550,0.525,0.525,1742,0
3174,D,5/26/17,0.235,0.240,0.235,0.235,77248,0
3174LA,D,5/26/17,0.175,0.175,0.175,0.175,0,0
3794,D,5/26/17,5.3,5.480,5.300,5.460,15923,0
3794CC,D,5/26/17,0.025,0.025,0.025,0.025,3397,0
1643,D,5/26/17,0.97,0.955,0.920,0.930,11560,0
7006,D,5/26/17,5.46,5.460,5.300,5.410,808,0
9385,D,5/26/17,0.93,0.935,0.920,0.935,4461,0
9385WA,D,5/26/17,0.615,0.605,0.600,0.605,143,0
9326,D,5/26/17,0.77,0.780,0.755,0.755,9734,0
8494,D,5/26/17,1.28,1.280,1.280,1.280,33,0
8494WA,D,5/26/17,0.26,0.26,0.26,0.26,0,0
5789,D,5/26/17,2.04,2.050,2.020,2.040,1976,0
5789CA,D,5/26/17,0.1,0.1,0.1,0.1,0,0
5789WA,D,5/26/17,1.03,1.03,1.03,1.03,0,0
5789WB,D,5/26/17,0.77,0.775,0.765,0.770,967,0
5092,D,5/26/17,0.535,0.540,0.520,0.520,10682,0
9628,D,5/26/17,1.51,1.51,1.51,1.51,0,0
8079,D,5/26/17,0.35,0.330,0.310,0.310,16340,0
5232,D,5/26/17,0.745,0.765,0.745,0.750,13233,0
8745,D,5/26/17,0.305,0.325,0.300,0.315,41254,0
8745WB,D,5/26/17,0.2,0.215,0.170,0.175,3912,0
7170,D,5/26/17,0.285,0.280,0.270,0.280,4516,0
3573,D,5/26/17,0.36,0.360,0.340,0.350,4479,0
7089,D,5/26/17,3.23,3.310,3.200,3.250,7605,0
2887,D,5/26/17,0.065,0.065,0.055,0.055,15250,0
8486,D,5/26/17,0.605,0.600,0.580,0.580,1417,0
4235,D,5/26/17,1.120,1.200,1.120,1.140,193676,0
6645,D,5/26/17,5.9,5.920,5.890,5.900,1367,0
6645CB,D,5/26/17,0.13,0.13,0.13,0.13,0,0
0182,D,5/26/17,0.27,0.270,0.270,0.270,4731,0
0025,D,5/26/17,0.2,0.200,0.195,0.200,3149,0
7126,D,5/26/17,0.785,0.785,0.770,0.770,3107,0
7126WA,D,5/26/17,0.24,0.230,0.230,0.230,991,0
8621,D,5/26/17,18.9,18.900,18.820,18.880,100,0
8621CB,D,5/26/17,0.135,0.135,0.135,0.135,0,0
9881,D,5/26/17,0.495,0.510,0.485,0.495,7909,0
7085,D,5/26/17,1.76,1.760,1.700,1.700,1105,0
5068,D,5/26/17,0.14,0.140,0.135,0.135,350505,0
5068LA,D,5/26/17,0.11,0.11,0.11,0.11,0,0
5068WA,D,5/26/17,0.08,0.080,0.075,0.075,38215,0
5068WB,D,5/26/17,0.08,0.085,0.080,0.080,33432,0
5143,D,5/26/17,1.75,1.750,1.700,1.700,5967,0
9199,D,5/26/17,3.72,3.700,3.700,3.700,20,0
0017,D,5/26/17,0.09,0.090,0.085,0.090,20530,0
0017WA,D,5/26/17,0.045,0.050,0.040,0.045,39086,0
1198,D,5/26/17,0.865,0.870,0.860,0.870,2290,0
7617,D,5/26/17,1.5,1.490,1.490,1.490,350,0
7617WB,D,5/26/17,0.605,0.600,0.600,0.600,100,0
7087,D,5/26/17,5.6,5.700,5.580,5.620,1536,0
3859,D,5/26/17,1.81,1.810,1.740,1.750,89608,0
3859C1,D,5/26/17,0.02,0.020,0.010,0.020,7901,0
3859CY,D,5/26/17,0.025,0.025,0.020,0.020,1900,0
3859CZ,D,5/26/17,0.02,0.020,0.020,0.020,6485,0
8583,D,5/26/17,1.52,1.540,1.510,1.520,33927,0
858310,D,5/26/17,0.15,0.15,0.15,0.15,0,0
8583C6,D,5/26/17,0.02,0.015,0.015,0.015,200,0
8583C7,D,5/26/17,0.01,0.010,0.010,0.010,1100,0
8583C8,D,5/26/17,0.15,0.15,0.15,0.15,0,0
8583C9,D,5/26/17,0.07,0.070,0.070,0.070,1000,0
8583WB,D,5/26/17,0.17,0.175,0.170,0.170,5992,0
8583WC,D,5/26/17,0.135,0.140,0.135,0.140,5748,0
5264,D,5/26/17,1.2,1.200,1.180,1.190,46466,0
5264CR,D,5/26/17,0.005,0.005,0.005,0.005,0,0
5264CS,D,5/26/17,0.01,0.01,0.01,0.01,0,0
5264CT,D,5/26/17,0.03,0.030,0.030,0.030,880,0
5264CU,D,5/26/17,0.005,0.005,0.005,0.005,0,0
5264CV,D,5/26/17,0.005,0.005,0.005,0.005,0,0
5264CW,D,5/26/17,0.07,0.07,0.07,0.07,0,0
5264CX,D,5/26/17,0.05,0.05,0.05,0.05,0,0
5264CY,D,5/26/17,0.025,0.025,0.025,0.025,0,0
5264CZ,D,5/26/17,0.15,0.15,0.15,0.15,0,0
4936,D,5/26/17,1.450,1.490,1.450,1.470,433,0
6181,D,5/26/17,1.5,1.510,1.430,1.490,97148,0
6181LA,D,5/26/17,1.2,1.2,1.2,1.2,0,0
6181WB,D,5/26/17,0.805,0.810,0.750,0.760,137161,0
1058,D,5/26/17,3.2,3.2,3.2,3.2,0,0
3514,D,5/26/17,0.165,0.165,0.160,0.165,2011,0
5098,D,5/26/17,1.2,1.230,1.110,1.120,77256,0
7029,D,5/26/17,0.65,0.640,0.620,0.625,2026,0
0189,D,5/26/17,0.12,0.120,0.120,0.120,113377,0
5236,D,5/26/17,2.780,2.850,2.780,2.800,16150,0
5236CH,D,5/26/17,0.15,0.15,0.15,0.15,0,0
5236WA,D,5/26/17,0.57,0.595,0.555,0.570,4550,0
6012,D,5/26/17,6.45,6.470,6.400,6.460,6669,0
6012CW,D,5/26/17,0.14,0.145,0.130,0.145,1201,0
6012CX,D,5/26/17,0.16,0.16,0.16,0.16,0,0
6012CY,D,5/26/17,0.115,0.115,0.115,0.115,0,0
6012CZ,D,5/26/17,0.15,0.15,0.15,0.15,0,0
5189,D,5/26/17,0.03,0.03,0.03,0.03,0,0
5189WA,D,5/26/17,0.005,0.005,0.005,0.005,5601,0
1155,D,5/26/17,9.39,9.420,9.300,9.400,116213,0
115524,D,5/26/17,0.570,0.570,0.570,0.570,250,0
115526,D,5/26/17,0.385,0.375,0.375,0.375,39,0
115527,D,5/26/17,0.43,0.420,0.420,0.420,200,0
115528,D,5/26/17,0.2,0.200,0.185,0.190,2130,0
115529,D,5/26/17,0.2,0.200,0.190,0.190,1200,0
115530,D,5/26/17,0.14,0.140,0.125,0.130,18632,0
5077,D,5/26/17,0.73,0.740,0.730,0.740,3165,0
5886,D,5/26/17,1.130,1.130,1.130,1.130,16,0
5152,D,5/26/17,1.15,1.170,1.130,1.130,1098,0
5152WA,D,5/26/17,0.555,0.555,0.515,0.530,4034,0
5983,D,5/26/17,2.43,2.480,2.380,2.400,390,0
5983WA,D,5/26/17,0.005,0.005,0.005,0.005,0,0
1171,D,5/26/17,1.3,1.310,1.270,1.280,48256,0
1171C1,D,5/26/17,0.11,0.11,0.11,0.11,0,0
1171C2,D,5/26/17,0.18,0.180,0.165,0.165,5800,0
1171CW,D,5/26/17,0.14,0.140,0.135,0.135,9664,0
1171CX,D,5/26/17,0.105,0.105,0.105,0.105,0,0
1171CY,D,5/26/17,0.065,0.070,0.060,0.065,20020,0
1171CZ,D,5/26/17,0.06,0.060,0.060,0.060,9116,0
7189,D,5/26/17,1.79,1.780,1.730,1.730,900,0
7004,D,5/26/17,0.795,0.795,0.795,0.795,0,0
0167,D,5/26/17,0.26,0.260,0.250,0.250,7624,0
0167WB,D,5/26/17,0.17,0.165,0.150,0.150,1270,0
5182,D,5/26/17,0.94,0.94,0.94,0.94,0,0
5040,D,5/26/17,0.46,0.460,0.445,0.460,2251,0
5040WA,D,5/26/17,0.085,0.080,0.080,0.080,410,0
5040WB,D,5/26/17,0.05,0.050,0.050,0.050,1500,0
5040WC,D,5/26/17,0.05,0.050,0.045,0.050,1861,0
4502,D,5/26/17,1.11,1.130,1.100,1.110,12499,0
4502CI,D,5/26/17,0.09,0.090,0.070,0.080,39075,0
4502CJ,D,5/26/17,0.15,0.15,0.15,0.15,0,0
5090,D,5/26/17,0.585,0.600,0.585,0.590,2816,0
0081,D,5/26/17,0.385,0.395,0.380,0.380,2570,0
0081WA,D,5/26/17,0.28,0.280,0.280,0.280,150,0
5129,D,5/26/17,0.865,0.870,0.850,0.860,770,0
3778,D,5/26/17,0.36,0.370,0.340,0.360,12756,0
1694,D,5/26/17,0.995,1.010,0.970,0.975,9538,0
1694WB,D,5/26/17,0.335,0.340,0.300,0.310,51900,0
0577C1,D,5/26/17,0.085,0.085,0.085,0.085,0,0
5223,D,5/26/17,0.73,0.730,0.730,0.730,270,0
8192,D,5/26/17,1.32,1.320,1.270,1.280,330,0
5006,D,5/26/17,0.335,0.320,0.305,0.320,1380,0
7234,D,5/26/17,0.87,0.800,0.800,0.800,60,0
0826EA,D,5/26/17,1.03,1.03,1.03,1.03,0,0
0825EA,D,5/26/17,0.937,0.937,0.937,0.937,0,0
6149,D,5/26/17,1.77,1.77,1.77,1.77,0,0
0075,D,5/26/17,0.245,0.245,0.240,0.245,3630,0
0075WA,D,5/26/17,0.13,0.135,0.130,0.135,2550,0
3069,D,5/26/17,3.92,3.940,3.790,3.820,6916,0
3069WA,D,5/26/17,2.22,2.230,2.110,2.120,2150,0
3662,D,5/26/17,2.2,2.170,2.060,2.150,36196,0
0155,D,5/26/17,0.5,0.5,0.5,0.5,0,0
5186,D,5/26/17,0.925,0.925,0.905,0.915,6141,0
5186C1,D,5/26/17,0.04,0.040,0.030,0.040,3251,0
5186C2,D,5/26/17,0.04,0.04,0.04,0.04,0,0
5186C3,D,5/26/17,0.15,0.15,0.15,0.15,0,0
5026,D,5/26/17,0.89,0.890,0.880,0.880,537,0
5026WA,D,5/26/17,0.025,0.025,0.015,0.020,3789,0
0126,D,5/26/17,0.96,0.955,0.950,0.950,240,0
5001,D,5/26/17,2.18,2.180,2.090,2.130,11886,0
0112,D,5/26/17,0.69,0.695,0.670,0.675,19666,0
7935,D,5/26/17,0.875,0.875,0.875,0.875,0,0
7219,D,5/26/17,0.13,0.130,0.125,0.125,20622,0
7219WA,D,5/26/17,0.04,0.040,0.040,0.040,18301,0
5576,D,5/26/17,0.565,0.575,0.555,0.560,2494,0
5576WC,D,5/26/17,0.225,0.240,0.225,0.230,1719,0
3816,D,5/26/17,7.68,7.690,7.520,7.600,22333,0
381610,D,5/26/17,0.13,0.13,0.13,0.13,0,0
381611,D,5/26/17,0.15,0.15,0.15,0.15,0,0
3816C8,D,5/26/17,0.035,0.035,0.035,0.035,2000,0
3816C9,D,5/26/17,0.11,0.11,0.11,0.11,0,0
9571,D,5/26/17,1.42,1.430,1.400,1.410,34464,0
9571WD,D,5/26/17,0.56,0.560,0.535,0.555,6730,0
8141,D,5/26/17,0.325,0.330,0.320,0.330,884,0
6114,D,5/26/17,2.55,2.560,2.520,2.540,2427,0
6114CC,D,5/26/17,0.075,0.075,0.075,0.075,150,0
6114WB,D,5/26/17,0.95,0.950,0.925,0.925,2784,0
8893,D,5/26/17,0.29,0.295,0.285,0.290,10929,0
0085,D,5/26/17,0.115,0.110,0.110,0.110,19,0
0085WA,D,5/26/17,0.055,0.055,0.055,0.055,2293,0
7595,D,5/26/17,1.16,1.150,1.110,1.130,5048,0
7595WA,D,5/26/17,0.81,0.820,0.750,0.770,798,0
0034,D,5/26/17,0.055,0.055,0.055,0.055,28960,0
2194,D,5/26/17,2.48,2.500,2.460,2.500,4995,0
2194C4,D,5/26/17,0.105,0.115,0.105,0.115,2545,0
2194C5,D,5/26/17,0.13,0.13,0.13,0.13,0,0
0059,D,5/26/17,0.345,0.355,0.345,0.350,10630,0
0113,D,5/26/17,1.18,1.200,1.120,1.140,20649,0
0103,D,5/26/17,0.08,0.085,0.075,0.075,136339,0
0103WA,D,5/26/17,0.04,0.040,0.040,0.040,73730,0
6459,D,5/26/17,2.5,2.480,2.480,2.480,170,0
0156,D,5/26/17,0.225,0.235,0.225,0.225,38044,0
6548,D,5/26/17,0.13,0.13,0.13,0.13,0,0
5237,D,5/26/17,1.63,1.670,1.610,1.610,3108,0
3867,D,5/26/17,12.86,13.180,12.800,13.180,2526,0
3867CD,D,5/26/17,0.52,0.52,0.52,0.52,0,0
3867CE,D,5/26/17,0.635,0.625,0.625,0.625,100,0
3867CF,D,5/26/17,0.51,0.520,0.510,0.520,1000,0
3867CG,D,5/26/17,0.15,0.15,0.15,0.15,0,0
5123,D,5/26/17,1.3,1.300,1.280,1.280,4929,0
0070,D,5/26/17,0.05,0.050,0.050,0.050,78486,0
0070WA,D,5/26/17,0.03,0.030,0.025,0.030,4502,0
1651,D,5/26/17,1.46,1.470,1.390,1.400,86935,0
165112,D,5/26/17,0.14,0.135,0.120,0.120,8288,0
165113,D,5/26/17,0.065,0.065,0.055,0.060,17720,0
165114,D,5/26/17,0.04,0.040,0.030,0.035,15975,0
165115,D,5/26/17,0.055,0.055,0.045,0.050,183155,0
1651C9,D,5/26/17,0.17,0.155,0.140,0.155,18498,0
1651WA,D,5/26/17,0.105,0.110,0.100,0.100,58514,0
5916,D,5/26/17,4.18,4.160,4.060,4.120,462,0
5202,D,5/26/17,4.42,4.450,4.420,4.420,41,0
5011,D,5/26/17,1.12,1.140,1.110,1.110,317,0
5150,D,5/26/17,0.035,0.035,0.035,0.035,0,0
5150WA,D,5/26/17,0.01,0.01,0.01,0.01,0,0
5924,D,5/26/17,0.385,0.385,0.375,0.375,1670,0
0092,D,5/26/17,0.32,0.320,0.300,0.300,8100,0
0092WA,D,5/26/17,0.05,0.045,0.040,0.040,9229,0
0092WB,D,5/26/17,0.110,0.115,0.110,0.110,1030,0
0043,D,5/26/17,0.07,0.070,0.070,0.070,53060,0
3883,D,5/26/17,1.65,1.650,1.610,1.610,5020,0
5085,D,5/26/17,1.56,1.560,1.490,1.520,11993,0
9539,D,5/26/17,0.8,0.8,0.8,0.8,0,0
5703,D,5/26/17,2.85,2.870,2.830,2.830,11417,0
5703CD,D,5/26/17,0.29,0.29,0.29,0.29,0,0
3891,D,5/26/17,0.205,0.205,0.200,0.200,15054,0
3913,D,5/26/17,0.325,0.320,0.315,0.320,8650,0
3905,D,5/26/17,0.245,0.245,0.235,0.245,39367,0
3921,D,5/26/17,1.65,1.630,1.580,1.580,1585,0
5087,D,5/26/17,0.95,0.980,0.930,0.960,33940,0
0138,D,5/26/17,2.24,2.250,2.220,2.230,123171,0
0138C1,D,5/26/17,0.635,0.635,0.630,0.630,1700,0
013810,D,5/26/17,0.345,0.340,0.340,0.340,3400,0
013811,D,5/26/17,0.445,0.445,0.445,0.445,0,0
013812,D,5/26/17,0.185,0.185,0.185,0.185,0,0
013813,D,5/26/17,0.245,0.245,0.245,0.245,0,0
013814,D,5/26/17,0.235,0.230,0.230,0.230,100,0
013815,D,5/26/17,0.15,0.155,0.150,0.150,4474,0
013816,D,5/26/17,0.21,0.210,0.205,0.210,3305,0
013817,D,5/26/17,0.135,0.135,0.130,0.130,1749,0
013818,D,5/26/17,0.15,0.110,0.105,0.110,1200,0
0138C4,D,5/26/17,0.17,0.17,0.17,0.17,0,0
0138C5,D,5/26/17,0.125,0.125,0.125,0.125,0,0
0138C6,D,5/26/17,0.32,0.325,0.315,0.315,1000,0
0138C7,D,5/26/17,0.165,0.165,0.165,0.165,0,0
0138C8,D,5/26/17,0.425,0.425,0.425,0.425,200,0
0138C9,D,5/26/17,0.395,0.405,0.395,0.395,1100,0
0821EA,D,5/26/17,1.105,1.105,1.105,1.105,0,0
0824EA,D,5/26/17,1.09,1.09,1.09,1.09,0,0
0108,D,5/26/17,0.79,0.790,0.770,0.780,2314,0
0108WA,D,5/26/17,0.350,0.375,0.350,0.355,1144,0
5073,D,5/26/17,1.4,1.410,1.340,1.350,9617,0
7002,D,5/26/17,0.19,0.170,0.170,0.170,200,0
9806,D,5/26/17,0.505,0.525,0.505,0.505,100,0
4707,D,5/26/17,81.4,81.560,81.360,81.540,535,0
0020,D,5/26/17,0.065,0.070,0.060,0.065,1272087,0
0020WB,D,5/26/17,0.035,0.035,0.025,0.030,1199317,0
0096,D,5/26/17,0.05,0.045,0.045,0.045,55193,0
0096WA,D,5/26/17,0.02,0.020,0.020,0.020,331,0
0096WB,D,5/26/17,0.02,0.02,0.02,0.02,0,0
0096WC,D,5/26/17,0.03,0.025,0.025,0.025,14300,0
7060,D,5/26/17,4.15,4.150,4.130,4.130,75,0
7139,D,5/26/17,0.1,0.095,0.095,0.095,9772,0
7139WA,D,5/26/17,0.02,0.020,0.010,0.015,15057,0
4464,D,5/26/17,0.095,0.100,0.095,0.095,13134,0
7215,D,5/26/17,0.25,0.250,0.250,0.250,2090,0
7215WA,D,5/26/17,0.07,0.065,0.065,0.065,7502,0
0083,D,5/26/17,1.29,1.280,1.230,1.240,16543,0
0026,D,5/26/17,0.085,0.085,0.085,0.085,14322,0
5047,D,5/26/17,2.25,2.25,2.25,2.25,0,0
2038,D,5/26/17,4.160,4.160,4.160,4.160,101,0
5066,D,5/26/17,0.870,0.875,0.870,0.870,6310,0
5025,D,5/26/17,0.205,0.205,0.205,0.205,7050,0
4944,D,5/26/17,0.99,0.985,0.950,0.950,18866,0
5533,D,5/26/17,0.73,0.740,0.730,0.730,273,0
0172,D,5/26/17,0.945,0.950,0.930,0.930,9528,0
0172WA,D,5/26/17,0.38,0.380,0.360,0.365,95781,0
0049,D,5/26/17,0.795,0.820,0.770,0.775,29037,0
7071,D,5/26/17,0.625,0.640,0.610,0.620,12979,0
7071PA,D,5/26/17,0.16,0.165,0.150,0.155,69667,0
7071WC,D,5/26/17,0.19,0.190,0.170,0.170,5980,0
7107,D,5/26/17,1.65,1.65,1.65,1.65,0,0
5827,D,5/26/17,2.500,2.500,2.500,2.500,100,0
7140,D,5/26/17,1.54,1.570,1.540,1.540,3698,0
5201,D,5/26/17,3.09,2.880,2.470,2.780,217198,0
3018,D,5/26/17,0.145,0.150,0.145,0.145,24201,0
9008,D,5/26/17,0.505,0.500,0.500,0.500,290,0
9008WB,D,5/26/17,0.15,0.150,0.150,0.150,100,0
0035,D,5/26/17,0.64,0.635,0.620,0.625,1990,0
0040,D,5/26/17,0.36,0.365,0.355,0.355,11185,0
4006,D,5/26/17,6.67,6.680,6.650,6.650,570,0
0079,D,5/26/17,0.35,0.375,0.335,0.375,58443,0
5065,D,5/26/17,1.08,1.080,1.040,1.050,2624,0
5053,D,5/26/17,1.63,1.630,1.600,1.610,23027,0
5053WC,D,5/26/17,0.315,0.310,0.300,0.305,2207,0
0053,D,5/26/17,0.78,0.770,0.745,0.765,2828,0
0153,D,5/26/17,0.21,0.220,0.200,0.210,1900,0
5260,D,5/26/17,1.93,1.940,1.920,1.930,500,0
6009,D,5/26/17,1.32,1.320,1.290,1.300,4662,0
7225,D,5/26/17,0.08,0.080,0.080,0.080,200,0
7052,D,5/26/17,3.39,3.430,3.340,3.420,4736,0
7052CF,D,5/26/17,0.28,0.245,0.205,0.240,1651,0
7052CG,D,5/26/17,0.115,0.115,0.115,0.115,0,0
7052CI,D,5/26/17,0.165,0.170,0.150,0.150,7750,0
7052CJ,D,5/26/17,0.215,0.215,0.215,0.215,0,0
0005,D,5/26/17,0.065,0.070,0.065,0.065,2620,0
0005WA,D,5/26/17,0.035,0.035,0.030,0.030,8621,0
3719,D,5/26/17,36.54,36.540,36.500,36.540,164,0
0041,D,5/26/17,0.305,0.315,0.300,0.305,88162,0
8419,D,5/26/17,0.42,0.420,0.415,0.420,1427,0
5125,D,5/26/17,0.615,0.620,0.615,0.615,7875,0
5125WA,D,5/26/17,0.22,0.220,0.215,0.220,952,0
5125WB,D,5/26/17,0.245,0.250,0.230,0.245,2582,0
5022,D,5/26/17,0.57,0.560,0.560,0.560,203,0
5022WA,D,5/26/17,0.185,0.185,0.185,0.185,290,0
9407,D,5/26/17,0.49,0.500,0.490,0.495,2630,0
1724,D,5/26/17,1.89,1.890,1.880,1.880,2352,0
5657,D,5/26/17,0.615,0.620,0.605,0.605,10167,0
6912,D,5/26/17,0.61,0.610,0.600,0.600,3035,0
0177,D,5/26/17,0.135,0.135,0.130,0.135,14661,0
5212,D,5/26/17,1.76,1.770,1.760,1.770,3418,0
5041,D,5/26/17,1.28,1.290,1.280,1.280,1119,0
1295,D,5/26/17,20.08,20.180,20.040,20.080,51286,0
129512,D,5/26/17,0.1,0.100,0.095,0.100,2100,0
129513,D,5/26/17,0.09,0.085,0.085,0.085,1,0
129514,D,5/26/17,0.07,0.07,0.07,0.07,0,0
6068,D,5/26/17,0.6,0.620,0.585,0.595,1420,0
5183,D,5/26/17,7.39,7.440,7.350,7.400,62023,0
518310,D,5/26/17,0.16,0.165,0.150,0.160,20654,0
5183C9,D,5/26/17,0.17,0.170,0.160,0.165,13345,0
6254,D,5/26/17,0.06,0.060,0.055,0.060,6265,0
5271,D,5/26/17,1.52,1.530,1.520,1.530,490,0
5231,D,5/26/17,0.93,0.930,0.930,0.930,1199,0
5133,D,5/26/17,1.2,1.190,1.180,1.190,190,0
9997,D,5/26/17,0.65,0.650,0.640,0.650,959,0
9997WB,D,5/26/17,0.255,0.245,0.240,0.245,1581,0
7160,D,5/26/17,3.13,3.250,3.120,3.130,11759,0
7108,D,5/26/17,1.54,1.54,1.54,1.54,0,0
0047,D,5/26/17,0.06,0.060,0.055,0.055,9089,0
7080,D,5/26/17,0.195,0.190,0.180,0.185,3106,0
5436,D,5/26/17,7.55,7.560,7.500,7.500,101,0
5146,D,5/26/17,0.01,0.01,0.01,0.01,0,0
5146LA,D,5/26/17,0.005,0.005,0.005,0.005,0,0
5146WA,D,5/26/17,0.005,0.005,0.005,0.005,0,0
8311,D,5/26/17,0.67,0.675,0.665,0.670,3204,0
8311WC,D,5/26/17,0.415,0.415,0.405,0.415,2899,0
5219,D,5/26/17,1.66,1.670,1.620,1.620,7168,0
5681,D,5/26/17,24.26,24.500,24.080,24.160,5947,0
5681CR,D,5/26/17,0.08,0.090,0.070,0.070,6810,0
6033,D,5/26/17,19.0,19.020,18.920,18.960,5245,0
6033CO,D,5/26/17,0.065,0.070,0.065,0.065,1550,0
7027,D,5/26/17,0.055,0.055,0.055,0.055,0,0
0500CH,D,5/26/17,0.035,0.035,0.035,0.035,0,0
3042,D,5/26/17,8.69,8.930,8.250,8.260,19799,0
3042CB,D,5/26/17,0.685,0.710,0.595,0.610,30473,0
3042CC,D,5/26/17,0.29,0.310,0.230,0.230,58342,0
0575C1,D,5/26/17,0.065,0.065,0.065,0.065,0,0
7081,D,5/26/17,4.77,4.800,4.750,4.750,364,0
7201,D,5/26/17,0.18,0.185,0.180,0.185,1360,0
7095,D,5/26/17,2.34,2.360,2.300,2.340,4336,0
0006,D,5/26/17,0.325,0.325,0.325,0.325,0,0
1902,D,5/26/17,0.245,0.245,0.230,0.230,1215,0
7163,D,5/26/17,0.29,0.290,0.290,0.290,350,0
0171,D,5/26/17,0.33,0.330,0.315,0.315,27548,0
7055,D,5/26/17,1.53,1.53,1.53,1.53,0,0
5075,D,5/26/17,1.69,1.720,1.690,1.710,2978,0
9695,D,5/26/17,1.17,1.17,1.17,1.17,0,0
7172,D,5/26/17,1.8,1.800,1.770,1.800,220,0
4081,D,5/26/17,0.2,0.195,0.195,0.195,5035,0
8869,D,5/26/17,2.66,2.680,2.600,2.640,97199,0
8869WC,D,5/26/17,2.27,2.270,2.200,2.240,2295,0
1287,D,5/26/17,0.175,0.175,0.165,0.170,1593,0
6637,D,5/26/17,0.52,0.515,0.500,0.500,765,0
5080,D,5/26/17,0.49,0.490,0.490,0.490,539,0
7088,D,5/26/17,1.83,1.820,1.800,1.820,2950,0
7088WB,D,5/26/17,0.83,0.825,0.810,0.815,2098,0
8117,D,5/26/17,0.69,0.700,0.670,0.675,822,0
4634,D,5/26/17,5.17,5.170,5.100,5.170,7971,0
4634C3,D,5/26/17,0.325,0.325,0.325,0.325,500,0
4634C5,D,5/26/17,0.31,0.31,0.31,0.31,0,0
4634C6,D,5/26/17,0.32,0.310,0.310,0.310,600,0
4634C8,D,5/26/17,0.185,0.185,0.180,0.185,14215,0
4634C9,D,5/26/17,0.255,0.260,0.250,0.255,7942,0
4065,D,5/26/17,16.9,17.000,16.840,16.900,7449,0
7190,D,5/26/17,0.69,0.69,0.69,0.69,0,0
8273,D,5/26/17,1.25,1.250,1.200,1.230,2311,0
9458,D,5/26/17,0.275,0.275,0.275,0.275,0,0
5204,D,5/26/17,2.28,2.300,2.190,2.200,5683,0
9873,D,5/26/17,1.2,1.260,1.170,1.180,32511,0
7168,D,5/26/17,0.885,0.895,0.875,0.890,840,0
7168WA,D,5/26/17,0.51,0.520,0.500,0.500,1753,0
0123,D,5/26/17,0.185,0.180,0.170,0.170,19205,0
8346,D,5/26/17,1.85,1.85,1.85,1.85,0,0
8966,D,5/26/17,1.66,1.660,1.480,1.550,35882,0
8966WA,D,5/26/17,0.685,0.685,0.615,0.630,19612,0
5070,D,5/26/17,0.995,0.980,0.950,0.975,54177,0
7145,D,5/26/17,0.19,0.190,0.180,0.185,14520,0
7145WA,D,5/26/17,0.115,0.115,0.105,0.105,22288,0
9598,D,5/26/17,3.98,3.990,3.870,3.870,1862,0
0038,D,5/26/17,0.355,0.365,0.325,0.325,9967,0
2208,D,5/26/17,0.34,0.335,0.315,0.320,460,0
0186,D,5/26/17,0.285,0.285,0.265,0.270,147649,0
0007,D,5/26/17,0.155,0.165,0.150,0.155,270397,0
0007LA,D,5/26/17,0.1,0.100,0.095,0.100,116328,0
0007WA,D,5/26/17,0.1,0.105,0.095,0.095,28833,0
0007WB,D,5/26/17,0.1,0.105,0.090,0.090,137604,0
6807,D,5/26/17,0.97,0.965,0.955,0.955,7229,0
6807WB,D,5/26/17,0.265,0.265,0.265,0.265,0,0
7134,D,5/26/17,0.865,0.865,0.855,0.855,140,0
7134WA,D,5/26/17,0.365,0.370,0.365,0.365,3304,0
7123,D,5/26/17,0.27,0.275,0.260,0.265,220426,0
7237,D,5/26/17,2.65,2.640,2.540,2.550,6000,0
7084,D,5/26/17,4.92,4.980,4.920,4.950,4265,0
7544,D,5/26/17,1.2,1.200,1.200,1.200,110,0
0110,D,5/26/17,0.005,0.005,0.005,0.005,0,0
7498,D,5/26/17,0.62,0.600,0.600,0.600,5,0
7498WB,D,5/26/17,0.095,0.095,0.095,0.095,0,0
5272,D,5/26/17,0.875,0.900,0.875,0.885,41118,0
7765,D,5/26/17,5.84,5.800,5.620,5.620,46,0
0080,D,5/26/17,0.23,0.235,0.230,0.230,10412,0
9296,D,5/26/17,1.88,1.890,1.820,1.830,14994,0
5256,D,5/26/17,0.555,0.560,0.545,0.545,28219,0
5256WA,D,5/26/17,0.135,0.135,0.130,0.135,153319,0
0032,D,5/26/17,0.475,0.475,0.470,0.470,3800,0
0032LA,D,5/26/17,0.18,0.18,0.18,0.18,0,0
7232,D,5/26/17,0.41,0.41,0.41,0.41,0,0
0173,D,5/26/17,0.725,0.710,0.700,0.705,2417,0
9946,D,5/26/17,2.14,2.140,2.130,2.130,1065,0
0106,D,5/26/17,0.88,0.880,0.855,0.860,3640,0
0037,D,5/26/17,0.31,0.315,0.300,0.300,111542,0
1066,D,5/26/17,5.4,5.450,5.390,5.420,4874,0
1066C1,D,5/26/17,0.15,0.15,0.15,0.15,0,0
1066CW,D,5/26/17,0.095,0.095,0.090,0.095,5994,0
1066CY,D,5/26/17,0.125,0.120,0.120,0.120,1110,0
1066CZ,D,5/26/17,0.125,0.125,0.125,0.125,2000,0
5278,D,5/26/17,1.34,1.350,1.270,1.290,11935,0
9741,D,5/26/17,1.12,1.140,1.110,1.110,6944,0
8885,D,5/26/17,0.325,0.340,0.325,0.340,788,0
5113,D,5/26/17,0.49,0.495,0.480,0.490,1863,0
5270,D,5/26/17,0.45,0.455,0.450,0.450,1320,0
5270WA,D,5/26/17,0.075,0.075,0.075,0.075,33850,0
7803,D,5/26/17,0.765,0.765,0.760,0.760,1358,0
2542,D,5/26/17,3.95,3.95,3.95,3.95,0,0
5134,D,5/26/17,4.2,4.200,4.200,4.200,100,0
8567,D,5/26/17,0.635,0.645,0.635,0.635,27475,0
0183,D,5/26/17,1.81,1.810,1.740,1.760,5618,0
9822,D,5/26/17,7.04,7.010,6.960,6.970,847,0
9822LA,D,5/26/17,3.4,3.200,3.200,3.200,33,0
5147,D,5/26/17,0.915,0.920,0.900,0.900,12101,0
9113,D,5/26/17,0.255,0.255,0.245,0.245,4338,0
0133,D,5/26/17,0.075,0.075,0.070,0.075,29050,0
0133WB,D,5/26/17,0.015,0.030,0.015,0.030,1503,0
0133WC,D,5/26/17,0.025,0.025,0.025,0.025,0,0
0133WD,D,5/26/17,0.035,0.035,0.035,0.035,17050,0
7811,D,5/26/17,0.985,0.990,0.985,0.985,550,0
4596,D,5/26/17,1.08,1.120,1.080,1.080,1036,0
5252,D,5/26/17,1.38,1.390,1.370,1.380,8652,0
5157,D,5/26/17,0.345,0.340,0.335,0.335,2050,0
5157WA,D,5/26/17,0.105,0.105,0.105,0.105,0,0
2569,D,5/26/17,3.100,3.100,3.100,3.100,11,0
5207,D,5/26/17,0.735,0.725,0.720,0.725,3478,0
5170,D,5/26/17,1.17,1.160,1.140,1.150,9060,0
0109,D,5/26/17,0.055,0.055,0.050,0.055,13277,0
0109WA,D,5/26/17,0.005,0.005,0.005,0.005,0,0
0109WB,D,5/26/17,0.015,0.015,0.015,0.015,10000,0
0158,D,5/26/17,2.29,2.240,2.200,2.200,490,0
7247,D,5/26/17,4.27,4.270,4.200,4.220,1267,0
0161,D,5/26/17,0.25,0.250,0.235,0.240,26532,0
0161WA,D,5/26/17,0.16,0.155,0.145,0.150,31281,0
9237,D,5/26/17,0.68,0.680,0.680,0.680,271,0
0099,D,5/26/17,2.33,2.340,2.300,2.330,6470,0
4731,D,5/26/17,8.51,8.530,8.410,8.430,1109,0
7239,D,5/26/17,0.315,0.310,0.295,0.295,1851,0
7158,D,5/26/17,0.16,0.165,0.155,0.160,24338,0
7366,D,5/26/17,0.3,0.300,0.290,0.290,900,0
7045,D,5/26/17,0.19,0.190,0.185,0.190,2100,0
0001,D,5/26/17,0.175,0.175,0.155,0.160,36133,0
0028,D,5/26/17,0.275,0.270,0.260,0.260,4421,0
0028WA,D,5/26/17,0.165,0.165,0.165,0.165,0,0
2224,D,5/26/17,0.91,0.925,0.910,0.915,609,0
7073,D,5/26/17,1.33,1.350,1.300,1.310,39924,0
7073WA,D,5/26/17,0.14,0.14,0.14,0.14,0,0
7073WB,D,5/26/17,0.605,0.625,0.580,0.585,7993,0
4286,D,5/26/17,0.46,0.460,0.455,0.455,1230,0
5145,D,5/26/17,0.175,0.170,0.170,0.170,280,0
5163,D,5/26/17,0.69,0.700,0.665,0.665,3286,0
0178,D,5/26/17,0.345,0.340,0.320,0.325,17556,0
7053,D,5/26/17,1.05,1.050,1.050,1.050,16,0
7053LA,D,5/26/17,0.15,0.15,0.15,0.15,0,0
7053WA,D,5/26/17,0.12,0.12,0.12,0.12,0,0
9792,D,5/26/17,1.25,1.240,1.220,1.220,6295,0
5250,D,5/26/17,1.4,1.400,1.370,1.370,10171,0
5250CF,D,5/26/17,0.06,0.060,0.055,0.055,2400,0
5205,D,5/26/17,0.98,0.990,0.935,0.965,38597,0
5218,D,5/26/17,1.93,1.910,1.870,1.900,61847,0
521829,D,5/26/17,0.27,0.250,0.250,0.250,830,0
521831,D,5/26/17,0.16,0.16,0.16,0.16,0,0
521832,D,5/26/17,0.13,0.13,0.13,0.13,0,0
521833,D,5/26/17,0.115,0.115,0.115,0.115,0,0
521834,D,5/26/17,0.105,0.105,0.105,0.105,0,0
521835,D,5/26/17,0.145,0.125,0.120,0.125,1800,0
521836,D,5/26/17,0.165,0.095,0.095,0.095,300,0
521837,D,5/26/17,0.09,0.080,0.075,0.075,2910,0
521838,D,5/26/17,0.205,0.190,0.180,0.185,4541,0
521839,D,5/26/17,0.12,0.12,0.12,0.12,0,0
521841,D,5/26/17,0.09,0.080,0.080,0.080,4230,0
521842,D,5/26/17,0.055,0.050,0.050,0.050,4000,0
521843,D,5/26/17,0.13,0.13,0.13,0.13,0,0
521844,D,5/26/17,0.06,0.06,0.06,0.06,0,0
5279,D,5/26/17,2.19,2.200,2.060,2.100,31771,0
7180,D,5/26/17,1.26,1.280,1.200,1.250,5026,0
0055,D,5/26/17,0.195,0.195,0.185,0.190,14641,0
0055WA,D,5/26/17,0.14,0.140,0.140,0.140,1160,0
7165,D,5/26/17,0.765,0.765,0.760,0.760,1370,0
7165PA,D,5/26/17,0.215,0.220,0.210,0.210,3230,0
7165WA,D,5/26/17,0.18,0.180,0.170,0.175,3890,0
5517,D,5/26/17,5.2,5.200,5.140,5.170,3490,0
4316,D,5/26/17,0.71,0.630,0.630,0.630,4,0
7412,D,5/26/17,1.57,1.570,1.520,1.570,40,0
6017,D,5/26/17,2.9,2.890,2.850,2.850,170,0
5181,D,5/26/17,0.845,0.855,0.785,0.795,9736,0
7246,D,5/26/17,1.02,1.020,1.000,1.010,5875,0
7246WA,D,5/26/17,0.3,0.305,0.295,0.295,1493,0
5078,D,5/26/17,0.47,0.470,0.465,0.465,4459,0
4197,D,5/26/17,9.3,9.430,9.300,9.330,73680,0
419710,D,5/26/17,0.15,0.15,0.15,0.15,0,0
419711,D,5/26/17,0.125,0.125,0.125,0.125,0,0
419712,D,5/26/17,0.205,0.205,0.205,0.205,0,0
419713,D,5/26/17,0.13,0.13,0.13,0.13,0,0
419714,D,5/26/17,0.12,0.140,0.120,0.125,7418,0
4197C8,D,5/26/17,0.325,0.345,0.295,0.325,800,0
4197C9,D,5/26/17,0.15,0.15,0.15,0.15,0,0
8532,D,5/26/17,0.7,0.700,0.690,0.690,1375,0
9431,D,5/26/17,0.68,0.68,0.68,0.68,0,0
7115,D,5/26/17,1.04,1.04,1.04,1.04,0,0
0060,D,5/26/17,0.13,0.130,0.120,0.120,30324,0
7155,D,5/26/17,1.3,1.310,1.290,1.300,7617,0
7155CB,D,5/26/17,0.04,0.04,0.04,0.04,0,0
7155CC,D,5/26/17,0.085,0.085,0.085,0.085,0,0
7155CD,D,5/26/17,0.035,0.035,0.035,0.035,0,0
7155CE,D,5/26/17,0.15,0.15,0.15,0.15,0,0
7155WA,D,5/26/17,0.630,0.640,0.630,0.635,3901,0
7248,D,5/26/17,2.52,2.470,2.460,2.460,225,0
0704C9,D,5/26/17,0.025,0.025,0.025,0.025,0,0
4375,D,5/26/17,0.270,0.305,0.270,0.275,118314,0
7132,D,5/26/17,0.67,0.67,0.67,0.67,0,0
0117,D,5/26/17,0.225,0.220,0.210,0.210,13926,0
0117WA,D,5/26/17,0.05,0.045,0.040,0.040,15149,0
0169,D,5/26/17,0.065,0.070,0.065,0.065,8131,0
7943,D,5/26/17,0.34,0.340,0.340,0.340,2593,0
5213,D,5/26/17,0.87,0.865,0.850,0.850,2199,0
5213WA,D,5/26/17,0.3,0.305,0.290,0.290,526,0
5242,D,5/26/17,1.28,1.290,1.270,1.290,167,0
5242WA,D,5/26/17,0.79,0.790,0.750,0.790,155,0
0093,D,5/26/17,0.335,0.325,0.310,0.315,41805,0
0093WA,D,5/26/17,0.245,0.235,0.225,0.230,19812,0
5241,D,5/26/17,0.475,0.475,0.475,0.475,0,0
5126,D,5/26/17,3.61,3.640,3.610,3.620,524,0
5126CE,D,5/26/17,0.15,0.15,0.15,0.15,0,0
0656C5,D,5/26/17,0.975,0.975,0.975,0.975,0,0
0656C6,D,5/26/17,1.26,1.26,1.26,1.26,0,0
0656C7,D,5/26/17,0.35,0.35,0.35,0.35,0,0
0656C8,D,5/26/17,0.635,0.635,0.635,0.635,0,0
0656H5,D,5/26/17,0.18,0.18,0.18,0.18,0,0
0656H6,D,5/26/17,0.115,0.115,0.115,0.115,0,0
0656H7,D,5/26/17,0.435,0.405,0.405,0.405,30,0
0656H8,D,5/26/17,0.625,0.580,0.575,0.575,250,0
1783,D,5/26/17,5.08,5.040,5.000,5.010,217,0
7103,D,5/26/17,2.480,2.500,2.480,2.490,100,0
8664,D,5/26/17,3.8,3.800,3.760,3.790,52306,0
8664CV,D,5/26/17,0.155,0.155,0.150,0.150,11548,0
8664CW,D,5/26/17,0.265,0.260,0.245,0.255,14740,0
8664CX,D,5/26/17,0.235,0.230,0.225,0.225,1020,0
8664CY,D,5/26/17,0.145,0.140,0.140,0.140,500,0
8664PA,D,5/26/17,1.16,1.160,1.160,1.160,41,0
0129,D,5/26/17,0.205,0.215,0.200,0.205,33887,0
0129WA,D,5/26/17,0.09,0.090,0.085,0.085,2528,0
5665,D,5/26/17,1.73,1.720,1.670,1.690,6826,0
5665LB,D,5/26/17,1.65,1.630,1.620,1.620,339,0
6084,D,5/26/17,2.34,2.340,2.310,2.310,16493,0
0140,D,5/26/17,0.175,0.175,0.170,0.170,3146,0
0140WA,D,5/26/17,0.065,0.065,0.055,0.055,1507,0
7143,D,5/26/17,0.26,0.255,0.255,0.255,600,0
7143WA,D,5/26/17,0.1,0.1,0.1,0.1,0,0
6904,D,5/26/17,1.4,1.370,1.360,1.370,170,0
7207,D,5/26/17,4.15,4.080,4.000,4.050,2794,0
9865,D,5/26/17,2.61,2.61,2.61,2.61,0,0
1201,D,5/26/17,0.06,0.065,0.060,0.060,86610,0
1201WA,D,5/26/17,0.035,0.035,0.035,0.035,0,0
1201WB,D,5/26/17,0.025,0.025,0.025,0.025,402,0
5263,D,5/26/17,2.07,2.100,2.050,2.100,13188,0
5263CH,D,5/26/17,0.46,0.46,0.46,0.46,0,0
5263CI,D,5/26/17,0.24,0.24,0.24,0.24,0,0
5263CJ,D,5/26/17,0.150,0.155,0.150,0.155,5846,0
5176,D,5/26/17,1.71,1.710,1.700,1.710,2700,0
3743,D,5/26/17,1.39,1.400,1.350,1.390,4341,0
3743WA,D,5/26/17,0.305,0.310,0.300,0.300,1245,0
5211,D,5/26/17,3.6,3.620,3.590,3.600,31992,0
0148,D,5/26/17,0.395,0.400,0.385,0.385,15227,0
0148WA,D,5/26/17,0.26,0.260,0.250,0.250,546,0
0148WB,D,5/26/17,0.19,0.200,0.180,0.185,34744,0
7235,D,5/26/17,3.63,3.640,3.500,3.520,1524,0
7106,D,5/26/17,2.06,2.090,2.060,2.080,8354,0
710621,D,5/26/17,0.025,0.030,0.020,0.030,14110,0
710622,D,5/26/17,0.07,0.07,0.07,0.07,0,0
710623,D,5/26/17,0.055,0.055,0.055,0.055,0,0
710624,D,5/26/17,0.035,0.035,0.035,0.035,0,0
710625,D,5/26/17,0.07,0.060,0.060,0.060,3000,0
710626,D,5/26/17,0.06,0.065,0.055,0.065,11802,0
710627,D,5/26/17,0.13,0.130,0.125,0.125,6189,0
6521,D,5/26/17,2.24,2.200,2.150,2.160,841,0
5135,D,5/26/17,1.650,1.660,1.650,1.660,180,0
7186,D,5/26/17,1.18,1.170,1.160,1.170,280,0
9717,D,5/26/17,0.335,0.335,0.335,0.335,3490,0
7082,D,5/26/17,0.58,0.580,0.565,0.565,6708,0
7082WB,D,5/26/17,0.175,0.175,0.170,0.175,8560,0
1538,D,5/26/17,1.0,1.000,0.955,0.965,9005,0
1538WB,D,5/26/17,0.3,0.290,0.270,0.275,4280,0
5173,D,5/26/17,0.27,0.265,0.260,0.265,1940,0
0050,D,5/26/17,0.32,0.325,0.300,0.300,45072,0
7228,D,5/26/17,0.41,0.410,0.390,0.410,4308,0
4898,D,5/26/17,0.72,0.725,0.700,0.710,19265,0
5012,D,5/26/17,3.6,3.610,3.550,3.610,3012,0
5012CH,D,5/26/17,0.115,0.115,0.115,0.115,0,0
5012CI,D,5/26/17,0.05,0.05,0.05,0.05,0,0
5012CJ,D,5/26/17,0.06,0.06,0.06,0.06,0,0
4022,D,5/26/17,0.435,0.435,0.410,0.430,20963,0
7211,D,5/26/17,0.45,0.415,0.415,0.415,10,0
5158,D,5/26/17,0.36,0.360,0.350,0.350,12824,0
5158CD,D,5/26/17,0.095,0.095,0.095,0.095,0,0
2305,D,5/26/17,7.0,6.880,6.880,6.880,20,0
6139,D,5/26/17,4.04,4.050,4.040,4.050,831,0
6139CB,D,5/26/17,0.040,0.040,0.040,0.040,40,0
2259,D,5/26/17,0.04,0.045,0.040,0.040,9807,0
8524,D,5/26/17,1.52,1.520,1.510,1.510,1593,0
8524CA,D,5/26/17,0.08,0.075,0.075,0.075,1401,0
8524CB,D,5/26/17,0.15,0.15,0.15,0.15,0,0
8524WB,D,5/26/17,0.24,0.220,0.215,0.220,125,0
5191,D,5/26/17,1.49,1.480,1.470,1.470,1345,0
5191WA,D,5/26/17,0.89,0.89,0.89,0.89,0,0
2429,D,5/26/17,0.115,0.115,0.105,0.115,53571,0
5149,D,5/26/17,0.37,0.365,0.345,0.350,3302,0
5140,D,5/26/17,2.58,2.570,2.490,2.520,4402,0
4448,D,5/26/17,12.9,12.900,12.860,12.900,188,0
4448P,D,5/26/17,13.54,13.54,13.54,13.54,0,0
5178,D,5/26/17,0.2,0.215,0.200,0.200,4380,0
7097,D,5/26/17,0.86,0.875,0.840,0.850,5354,0
4405,D,5/26/17,1.85,1.850,1.840,1.840,2094,0
0132,D,5/26/17,0.16,0.160,0.155,0.160,9966,0
0132WA,D,5/26/17,0.09,0.090,0.090,0.090,153,0
2054,D,5/26/17,0.69,0.690,0.675,0.680,29377,0
0084,D,5/26/17,0.595,0.610,0.575,0.580,21465,0
7439,D,5/26/17,2.0,2.000,1.980,1.980,277,0
6378,D,5/26/17,0.545,0.565,0.535,0.535,12891,0
7200,D,5/26/17,0.605,0.605,0.595,0.600,4191,0
7200WA,D,5/26/17,0.405,0.405,0.400,0.405,1253,0
5347,D,5/26/17,13.82,13.880,13.780,13.800,68177,0
534732,D,5/26/17,0.06,0.06,0.06,0.06,0,0
534733,D,5/26/17,0.03,0.020,0.020,0.020,322,0
534734,D,5/26/17,0.04,0.04,0.04,0.04,0,0
534735,D,5/26/17,0.095,0.105,0.095,0.095,2550,0
534736,D,5/26/17,0.095,0.095,0.095,0.095,5000,0
534737,D,5/26/17,0.125,0.125,0.125,0.125,0,0
0546C6,D,5/26/17,0.285,0.285,0.285,0.285,0,0
7252,D,5/26/17,1.07,1.070,1.040,1.050,1775,0
7252WA,D,5/26/17,0.35,0.380,0.345,0.345,200,0
8702,D,5/26/17,1.45,1.450,1.430,1.450,150,0
0089,D,5/26/17,1.25,1.250,1.220,1.240,1019,0
0145,D,5/26/17,0.19,0.190,0.180,0.185,2120,0
0145WA,D,5/26/17,0.105,0.105,0.105,0.105,0,0
9369,D,5/26/17,1.34,1.34,1.34,1.34,0,0
7034,D,5/26/17,4.39,4.390,4.360,4.380,2159,0
7034LA,D,5/26/17,4.33,4.33,4.33,4.33,0,0
7034WA,D,5/26/17,2.85,2.840,2.830,2.830,207,0
9075,D,5/26/17,0.455,0.490,0.455,0.470,3277,0
7206,D,5/26/17,0.08,0.075,0.070,0.075,16490,0
7206PB,D,5/26/17,0.1,0.1,0.1,0.1,0,0
5112,D,5/26/17,1.13,1.150,1.130,1.130,1716,0
7889,D,5/26/17,0.265,0.265,0.260,0.260,2421,0
7889WB,D,5/26/17,0.085,0.080,0.080,0.080,1,0
7374,D,5/26/17,2.12,2.120,2.110,2.110,910,0
7079,D,5/26/17,0.07,0.070,0.065,0.070,64150,0
7079WB,D,5/26/17,0.015,0.015,0.010,0.015,25853,0
7079WC,D,5/26/17,0.03,0.030,0.025,0.030,14066,0
5031,D,5/26/17,8.9,9.150,8.850,9.150,519,0
5031CL,D,5/26/17,0.15,0.15,0.15,0.15,0,0
5031CM,D,5/26/17,0.145,0.145,0.145,0.145,0,0
5031CN,D,5/26/17,0.15,0.15,0.15,0.15,0,0
7854,D,5/26/17,0.705,0.705,0.705,0.705,0,0
5239,D,5/26/17,1.62,1.620,1.590,1.610,12380,0
4863,D,5/26/17,6.4,6.520,6.400,6.500,35549,0
486314,D,5/26/17,0.025,0.025,0.025,0.025,0,0
486315,D,5/26/17,0.08,0.08,0.08,0.08,0,0
486316,D,5/26/17,0.06,0.06,0.06,0.06,0,0
486317,D,5/26/17,0.165,0.165,0.165,0.165,0,0
486318,D,5/26/17,0.15,0.15,0.15,0.15,0,0
486319,D,5/26/17,0.15,0.15,0.15,0.15,0,0
0101,D,5/26/17,0.91,0.905,0.895,0.900,6923,0
0101CA,D,5/26/17,0.04,0.04,0.04,0.04,0,0
0101CB,D,5/26/17,0.045,0.045,0.045,0.045,0,0
0101CC,D,5/26/17,0.04,0.04,0.04,0.04,0,0
0101WB,D,5/26/17,0.25,0.250,0.245,0.245,9211,0
8397,D,5/26/17,1.75,1.750,1.730,1.750,7110,0
8397WC,D,5/26/17,0.735,0.755,0.720,0.740,2069,0
7218,D,5/26/17,0.8,0.8,0.8,0.8,0,0
7230,D,5/26/17,0.59,0.590,0.570,0.590,2522,0
7285,D,5/26/17,2.53,2.530,2.480,2.500,3780,0
7285WA,D,5/26/17,0.915,0.915,0.885,0.900,5629,0
5010,D,5/26/17,3.67,3.810,3.610,3.660,7254,0
7113,D,5/26/17,5.5,5.480,5.340,5.390,17552,0
711310,D,5/26/17,0.155,0.155,0.155,0.155,0,0
711311,D,5/26/17,0.07,0.07,0.07,0.07,0,0
711312,D,5/26/17,0.095,0.095,0.095,0.095,0,0
711313,D,5/26/17,0.11,0.11,0.11,0.11,0,0
711314,D,5/26/17,0.07,0.07,0.07,0.07,0,0
711316,D,5/26/17,0.14,0.14,0.14,0.14,0,0
711317,D,5/26/17,0.13,0.130,0.100,0.100,17189,0
711318,D,5/26/17,0.115,0.115,0.115,0.115,0,0
7173,D,5/26/17,0.81,0.81,0.81,0.81,0,0
7173WA,D,5/26/17,0.07,0.07,0.07,0.07,0,0
7176,D,5/26/17,0.47,0.470,0.465,0.465,621,0
7176WA,D,5/26/17,0.27,0.270,0.270,0.270,200,0
5054,D,5/26/17,0.69,0.695,0.680,0.680,17925,0
5622,D,5/26/17,1.53,1.560,1.530,1.540,1442,0
0118,D,5/26/17,0.13,0.130,0.115,0.120,60075,0
5401,D,5/26/17,0.97,0.970,0.965,0.965,2175,0
5401WA,D,5/26/17,0.27,0.270,0.270,0.270,200,0
9059,D,5/26/17,1.77,1.800,1.770,1.790,1651,0
9059CJ,D,5/26/17,0.1,0.1,0.1,0.1,0,0
5042,D,5/26/17,0.76,0.755,0.730,0.750,3413,0
5042WB,D,5/26/17,0.355,0.355,0.300,0.330,6701,0
5230,D,5/26/17,1.35,1.360,1.300,1.300,32632,0
5230CH,D,5/26/17,0.005,0.005,0.005,0.005,0,0
5230CI,D,5/26/17,0.01,0.01,0.01,0.01,0,0
5230CJ,D,5/26/17,0.04,0.04,0.04,0.04,0,0
5230CK,D,5/26/17,0.03,0.03,0.03,0.03,0,0
5230CL,D,5/26/17,0.05,0.045,0.035,0.035,59814,0
5230CN,D,5/26/17,0.085,0.085,0.075,0.075,6090,0
5167,D,5/26/17,0.84,0.880,0.780,0.840,68,0
4359,D,5/26/17,0.2,0.200,0.195,0.195,2641,0
5111,D,5/26/17,1.22,1.220,1.220,1.220,50,0
7100,D,5/26/17,1.85,1.860,1.840,1.850,4361,0
5148,D,5/26/17,1.28,1.280,1.240,1.250,39301,0
514831,D,5/26/17,0.085,0.080,0.070,0.075,32659,0
514832,D,5/26/17,0.02,0.020,0.015,0.015,18476,0
514837,D,5/26/17,0.07,0.060,0.055,0.055,4860,0
514838,D,5/26/17,0.19,0.200,0.180,0.180,9500,0
514839,D,5/26/17,0.145,0.145,0.145,0.145,0,0
514841,D,5/26/17,0.115,0.115,0.110,0.110,8400,0
514842,D,5/26/17,0.045,0.045,0.040,0.040,24743,0
514843,D,5/26/17,0.05,0.050,0.050,0.050,400,0
514844,D,5/26/17,0.08,0.08,0.08,0.08,0,0
514845,D,5/26/17,0.07,0.070,0.065,0.065,29190,0
7133,D,5/26/17,4.54,4.610,4.500,4.500,390,0
2593,D,5/26/17,6.25,6.200,6.190,6.200,17,0
7137,D,5/26/17,2.6,2.6,2.6,2.6,0,0
7227,D,5/26/17,1.25,1.25,1.25,1.25,0,0
4588,D,5/26/17,6.020,6.100,6.020,6.050,2454,0
4588C1,D,5/26/17,0.140,0.140,0.140,0.140,100,0
4588CY,D,5/26/17,0.055,0.060,0.050,0.060,3188,0
4588CZ,D,5/26/17,0.16,0.16,0.16,0.16,0,0
5243,D,5/26/17,0.59,0.575,0.565,0.565,28235,0
524310,D,5/26/17,0.005,0.005,0.005,0.005,0,0
524311,D,5/26/17,0.15,0.15,0.15,0.15,0,0
524312,D,5/26/17,0.015,0.015,0.015,0.015,0,0
524313,D,5/26/17,0.005,0.005,0.005,0.005,0,0
524314,D,5/26/17,0.01,0.010,0.005,0.005,6668,0
524315,D,5/26/17,0.02,0.02,0.02,0.02,0,0
524316,D,5/26/17,0.03,0.025,0.025,0.025,6000,0
524317,D,5/26/17,0.06,0.06,0.06,0.06,0,0
5243C7,D,5/26/17,0.005,0.005,0.005,0.005,0,0
7091,D,5/26/17,1.14,1.130,1.100,1.120,2554,0
7091LA,D,5/26/17,1.13,1.130,1.100,1.100,657,0
7091WA,D,5/26/17,0.145,0.140,0.130,0.130,5030,0
5005,D,5/26/17,3.5,3.530,3.480,3.500,11697,0
5005CS,D,5/26/17,0.18,0.18,0.18,0.18,0,0
5005CT,D,5/26/17,0.175,0.175,0.175,0.175,0,0
5005CU,D,5/26/17,0.17,0.17,0.17,0.17,0,0
5005CV,D,5/26/17,0.2,0.2,0.2,0.2,0,0
5005CW,D,5/26/17,0.115,0.115,0.115,0.115,0,0
5005CX,D,5/26/17,0.15,0.15,0.15,0.15,0,0
5200,D,5/26/17,2.62,2.690,2.600,2.690,2514,0
5200CV,D,5/26/17,0.05,0.05,0.05,0.05,0,0
5110,D,5/26/17,1.7,1.710,1.700,1.710,336,0
7757,D,5/26/17,2.450,2.450,2.450,2.450,45,0
0701C4,D,5/26/17,0.015,0.015,0.015,0.015,0,0
2089,D,5/26/17,28.3,28.000,27.900,28.000,44,0
5754,D,5/26/17,0.515,0.515,0.500,0.500,110,0
7250,D,5/26/17,1.750,1.800,1.750,1.750,614,0
4995,D,5/26/17,1.45,1.500,1.430,1.500,39157,0
0120,D,5/26/17,0.955,0.990,0.935,0.950,17980,0
0097,D,5/26/17,6.81,6.830,6.760,6.790,1517,0
0069,D,5/26/17,0.14,0.145,0.140,0.140,178976,0
0069WB,D,5/26/17,0.05,0.055,0.050,0.050,75230,0
0069WC,D,5/26/17,0.08,0.080,0.080,0.080,6634,0
0069WD,D,5/26/17,0.08,0.080,0.080,0.080,6405,0
7070,D,5/26/17,0.13,0.130,0.125,0.125,24654,0
7070LA,D,5/26/17,0.075,0.075,0.075,0.075,0,0
7070WB,D,5/26/17,0.04,0.040,0.035,0.040,825,0
7070WC,D,5/26/17,0.075,0.075,0.075,0.075,194,0
7240,D,5/26/17,0.775,0.780,0.775,0.780,1080,0
7240WA,D,5/26/17,0.46,0.500,0.460,0.500,140,0
6963,D,5/26/17,1.97,1.980,1.890,1.900,39763,0
6963CJ,D,5/26/17,0.205,0.205,0.205,0.205,0,0
6963CK,D,5/26/17,0.270,0.270,0.270,0.270,900,0
6963CL,D,5/26/17,0.215,0.215,0.215,0.215,0,0
6963CM,D,5/26/17,0.17,0.155,0.155,0.155,2000,0
6963CN,D,5/26/17,0.13,0.125,0.115,0.115,1450,0
6963WA,D,5/26/17,0.595,0.595,0.555,0.570,141911,0
0066,D,5/26/17,0.1,0.100,0.100,0.100,10020,0
0066WA,D,5/26/17,0.02,0.02,0.02,0.02,0,0
7203,D,5/26/17,1.09,1.080,1.070,1.070,1026,0
5016,D,5/26/17,1.99,1.99,1.99,1.99,0,0
5142,D,5/26/17,0.91,0.910,0.895,0.895,5582,0
7226,D,5/26/17,0.4,0.4,0.4,0.4,0,0
3565,D,5/26/17,1.55,1.560,1.490,1.500,12889,0
3565CA,D,5/26/17,0.095,0.100,0.085,0.085,1270,0
9679,D,5/26/17,2.14,2.120,2.030,2.110,42891,0
9679C1,D,5/26/17,0.09,0.105,0.090,0.100,3660,0
9679C2,D,5/26/17,0.11,0.105,0.090,0.095,4000,0
9679CY,D,5/26/17,0.14,0.14,0.14,0.14,0,0
9679CZ,D,5/26/17,0.185,0.175,0.140,0.175,5731,0
9679WD,D,5/26/17,0.5,0.510,0.430,0.455,41448,0
9679WE,D,5/26/17,0.445,0.445,0.405,0.415,64021,0
7111,D,5/26/17,1.96,1.960,1.920,1.930,1925,0
7231,D,5/26/17,2.37,2.370,2.280,2.360,7996,0
7692,D,5/26/17,0.455,0.455,0.455,0.455,0,0
0008,D,5/26/17,1.63,1.680,1.610,1.610,31441,0
2976,D,5/26/17,1.78,1.790,1.780,1.780,13627,0
0141,D,5/26/17,0.035,0.035,0.035,0.035,0,0
0141WA,D,5/26/17,0.01,0.01,0.01,0.01,0,0
7050,D,5/26/17,0.76,0.765,0.750,0.750,2149,0
7025,D,5/26/17,0.63,0.63,0.63,0.63,0,0
5246,D,5/26/17,3.72,3.760,3.620,3.710,47318,0
5246CP,D,5/26/17,0.005,0.005,0.005,0.005,90,0
5246CQ,D,5/26/17,0.01,0.010,0.010,0.010,2000,0
5246CR,D,5/26/17,0.05,0.05,0.05,0.05,0,0
5009,D,5/26/17,2.03,2.020,2.000,2.010,166,0
4243,D,5/26/17,0.935,0.940,0.930,0.940,2092,0
7245,D,5/26/17,1.18,1.180,1.170,1.180,1454,0
7245WA,D,5/26/17,0.770,0.780,0.770,0.770,220,0
5156,D,5/26/17,0.285,0.325,0.265,0.300,356779,0
5156WC,D,5/26/17,0.205,0.215,0.200,0.200,111790,0
7121,D,5/26/17,0.555,0.560,0.535,0.545,7170,0
0095,D,5/26/17,0.04,0.045,0.040,0.040,26821,0
0095WA,D,5/26/17,0.01,0.015,0.010,0.015,10160,0
5267,D,5/26/17,1.32,1.310,1.270,1.280,2122,0
5155,D,5/26/17,0.09,0.090,0.080,0.090,41806,0
5155WA,D,5/26/17,0.01,0.020,0.010,0.015,74398,0
5155WB,D,5/26/17,0.035,0.030,0.030,0.030,500,0
0165,D,5/26/17,0.115,0.120,0.115,0.115,31258,0
0165WA,D,5/26/17,0.075,0.075,0.070,0.070,18670,0
7003,D,5/26/17,1.100,1.100,1.100,1.100,5,0
7003WA,D,5/26/17,0.23,0.23,0.23,0.23,0,0
5584,D,5/26/17,2.76,2.770,2.760,2.760,275,0
7122,D,5/26/17,0.05,0.055,0.050,0.055,6903,0
0086,D,5/26/17,0.16,0.170,0.160,0.165,6283,0
5048,D,5/26/17,0.775,0.770,0.770,0.770,1052,0
7293,D,5/26/17,3.45,3.480,3.410,3.430,2034,0
7293CL,D,5/26/17,0.1,0.095,0.095,0.095,67,0
7020,D,5/26/17,0.25,0.250,0.245,0.250,5451,0
7020WB,D,5/26/17,0.08,0.080,0.080,0.080,12592,0
7014,D,5/26/17,0.585,0.585,0.560,0.580,2251,0
3158,D,5/26/17,1.53,1.520,1.520,1.520,1820,0
5159,D,5/26/17,1.26,1.290,1.240,1.240,2619,0
7066,D,5/26/17,1.48,1.470,1.460,1.470,9975,0
7066PA,D,5/26/17,1.12,1.12,1.12,1.12,0,0
7066WA,D,5/26/17,1.03,1.020,1.010,1.020,988,0
7178,D,5/26/17,2.3,2.320,2.280,2.290,2975,0
4677,D,5/26/17,1.51,1.530,1.510,1.510,48670,0
467710,D,5/26/17,0.15,0.15,0.15,0.15,0,0
4677C6,D,5/26/17,0.06,0.06,0.06,0.06,0,0
4677C7,D,5/26/17,0.045,0.045,0.045,0.045,0,0
4677C8,D,5/26/17,0.07,0.070,0.065,0.065,6551,0
4677C9,D,5/26/17,0.085,0.085,0.085,0.085,1000,0
2577,D,5/26/17,0.620,0.630,0.620,0.620,2848,0
2577LA,D,5/26/17,0.475,0.475,0.470,0.475,26,0
6742,D,5/26/17,1.52,1.520,1.500,1.520,17640,0
6742CW,D,5/26/17,0.13,0.13,0.13,0.13,0,0
6742CY,D,5/26/17,0.15,0.15,0.15,0.15,0,0
6742CZ,D,5/26/17,0.15,0.15,0.15,0.15,0,0
6742WB,D,5/26/17,0.39,0.390,0.390,0.390,615,0
5109,D,5/26/17,1.17,1.200,1.170,1.180,9192,0
7028,D,5/26/17,0.62,0.625,0.615,0.620,4647,0
2283,D,5/26/17,0.145,0.145,0.145,0.145,6313,0
2283WA,D,5/26/17,0.065,0.070,0.060,0.070,12785,0
5131,D,5/26/17,1.63,1.630,1.610,1.610,571,0
